% # columns="iteration, evaluation, sigma, max axis length,  min axis length, all principal axes lengths  (sorted square roots of eigenvalues of C)", seed=1118674, Thu May 19 18:52:27 2022
1 10 0.49815152326210155 1.0000450010125153 1.0 1.0 1.0000050000125 1.00001000005 1.0000150001125006 1.0000200002000015 1.0000250003125026 1.0000300004500045 1.0000350006125072 1.0000400008000108 1.0000450010125153
2 20 0.5292953729920279 1.1193369986162225 0.9217669861144252 0.9217669861144252 0.9620184258960238 0.9801970855176493 0.9971098747859448 0.9999936111675828 1.0003509899323324 1.0004912534973456 1.0184401478013567 1.0237550547475365 1.1193369986162225
3 30 0.5697594949604518 1.2178546470475256 0.9014997212636718 0.9014997212636718 0.9398360170055269 0.9555820692632447 0.9734229341768769 0.9925759280687417 0.9966676901512681 1.0074662916199604 1.0213020632039382 1.0311233747174742 1.2178546470475256
4 40 0.6609092061436412 1.300355914322196 0.8871056390478628 0.8871056390478628 0.9173564352374204 0.9460358618438983 0.9646156347905506 0.9763725190825755 1.0012579548024885 1.0090877897598527 1.011902407508966 1.029826284095078 1.300355914322196
5 50 0.7837924823876021 1.3657316764223708 0.8823392375248168 0.8823392375248168 0.9054030234818846 0.9295129245847621 0.9442528402325544 0.9602760836106377 0.9971480315316947 1.0093539532574827 1.0303077227809052 1.0534864615171367 1.3657316764223708
6 60 0.8591562480203139 1.350773440903721 0.8618505101998696 0.8618505101998696 0.8944577386040509 0.9197793447120612 0.948945835702328 0.956096896096311 0.9883033954956977 1.012968948710165 1.0416234169502425 1.1013262617010768 1.350773440903721
7 70 0.9225417550582097 1.3447667769260678 0.8390301096265643 0.8390301096265643 0.8955571511841703 0.9039899533189883 0.9275237095267086 0.9802443369031025 0.9907932682677387 1.0106856026168212 1.0286881074814602 1.0748353199606362 1.3447667769260678
8 80 0.9656747886536505 1.3290731757733119 0.8386361068056412 0.8386361068056412 0.8864709698387869 0.9059900513156373 0.9267669489538375 0.9685411793087126 0.9844291606487109 1.0001156737733017 1.0191013947486203 1.0729704357068086 1.3290731757733119
9 90 0.9827738000122248 1.324879320010733 0.821371474613415 0.821371474613415 0.8503845873562221 0.88948356722126 0.9362656492791308 0.9668633480352393 0.9914562486140694 1.0031563434112531 1.009886000760923 1.06639920499508 1.324879320010733
10 100 1.0713954567358877 1.3271985896712242 0.7902548256022175 0.7902548256022175 0.8286650210997408 0.8743159176359678 0.9217842466931015 0.9626244326905452 0.9789580690802188 1.005994968997667 1.036962254031765 1.1020183783487585 1.3271985896712242
11 110 1.2390117615921858 1.4754620485553929 0.7762306845536598 0.7762306845536598 0.8490936652535911 0.8508940514977864 0.8863619463509523 0.9458736027961114 0.9665581850446219 1.0004099296913385 1.0224367597514 1.1183667399769373 1.4754620485553929
12 120 1.5551783177623544 1.4793623762983683 0.7763344401266301 0.7763344401266301 0.837772078546428 0.8515105183683196 0.8811560265280398 0.9346905014668383 0.9482492324855545 1.0064768651176392 1.012367454201138 1.1358346509814865 1.4793623762983683
13 130 1.8045304106379727 1.5088856305619478 0.7413846394163187 0.7413846394163187 0.8160802236487661 0.8515422358910227 0.8723139924381836 0.9433465438022028 0.9667319247828309 0.9979944066675142 1.027213938138715 1.206215521141699 1.5088856305619478
14 140 2.046427919560281 1.5304970523387542 0.7308069687987557 0.7308069687987557 0.7911922736555855 0.820296292790802 0.8865683526129944 0.9276414749829942 0.9773039546182831 0.9859821914402483 1.0300809690503294 1.1929284036066596 1.5304970523387542
15 150 2.446744543053391 1.5708303647904258 0.7195651711868736 0.7195651711868736 0.7768350004890726 0.8012343548640354 0.8658727733223954 0.9198689482662648 0.9488986852020244 0.9849660588564956 1.0352010610408329 1.190028305180168 1.5708303647904258
16 160 2.882655942179618 1.5686461503621951 0.7167733887775088 0.7167733887775088 0.783821306589085 0.8075365204212663 0.8605218697294632 0.9009169380528113 0.952269788012361 0.9781890566347846 1.0288846107685656 1.1829225637963448 1.5686461503621951
17 170 3.3784366396971293 1.5958591085595544 0.7143131837226783 0.7143131837226783 0.7606088602124321 0.815957372296766 0.8542077066582952 0.8770632492952086 0.9333958642252485 0.9625616748387605 1.0300851293361544 1.1935787315313484 1.5958591085595544
18 180 3.6611947176903783 1.536443153568377 0.7114752621131052 0.7114752621131052 0.749831118150164 0.8117381506187291 0.8535212794736515 0.874531116623626 0.9399470094550615 0.9592697104187832 1.030714195503477 1.193328095964517 1.536443153568377
19 190 4.230407213205931 1.526100895264511 0.6785445337246069 0.6785445337246069 0.7458154793314195 0.8043798628862039 0.8539223544355725 0.8867128155729759 0.9143123331092883 0.94903911866367 1.0135772884216085 1.1736572685903326 1.526100895264511
20 200 5.033224818132876 1.5657462497253585 0.6715668133399985 0.6715668133399985 0.7427043388921342 0.7685433786737506 0.8522153445813145 0.8804524574179978 0.9132447527181307 0.941749006419374 0.9986154998652692 1.1680984839326547 1.5657462497253585
21 210 6.14068448765023 1.5867512441292857 0.6739636472307636 0.6739636472307636 0.7084430875566563 0.7580906758407743 0.8560326712605918 0.8770917129553093 0.9029151327137656 0.938073431624784 1.0266623120871528 1.2045743162891187 1.5867512441292857
22 220 7.716586019730009 1.6163262872937219 0.6628769583878851 0.6628769583878851 0.7237619866681005 0.7622688780845503 0.8500449005811253 0.8764061030783313 0.8981057007325717 0.9339262323004813 1.0256615825506583 1.1819551022003623 1.6163262872937219
23 230 9.597049777876999 1.6393681513424139 0.6477910073969662 0.6477910073969662 0.6970561601941445 0.7333562441575507 0.8453773021145778 0.8796724254439522 0.8969889884693324 0.9393522913054206 1.027936744509914 1.1867315570468948 1.6393681513424139
24 240 11.979938987765909 1.6359289315831922 0.6118560439805988 0.6118560439805988 0.7006613501189141 0.7507582874828208 0.8475956900842513 0.8840117386619565 0.9048272592964874 0.9352305275603532 1.0313438962591994 1.188384612896759 1.6359289315831922
25 250 13.670983213688276 1.662563566553641 0.6112951151790802 0.6112951151790802 0.6928308170184334 0.7578262695889934 0.8258987842674177 0.8717571490803679 0.9175028116493539 0.9488580812575104 1.016197792550711 1.199000673724496 1.662563566553641
26 260 16.115448339508944 1.612162175964675 0.6071742352723155 0.6071742352723155 0.6891874180058939 0.7466355350183385 0.8279847850370735 0.8798137226226286 0.8987880775747522 0.9522853288532892 1.0058288430184503 1.1950208230239585 1.612162175964675
27 270 19.31047735233105 1.525349501619795 0.6092724443077212 0.6092724443077212 0.681230714287928 0.7456722119691696 0.8287792186139461 0.8958965308269672 0.9385987953714144 0.9454960435826946 1.016687869484654 1.1777984596968278 1.525349501619795
28 280 21.176198422905813 1.5043053163052664 0.6057667135728081 0.6057667135728081 0.6827602811302977 0.7229669209517653 0.8256230859926221 0.8931167809171895 0.9321031430164225 0.9517896148475781 1.0101246512860445 1.1644659658267467 1.5043053163052664
29 290 21.2627286563915 1.4725798953409779 0.6006050407893312 0.6006050407893312 0.6849899998868726 0.7159083179217941 0.7785969228049321 0.8961025081158235 0.9350454420523391 0.9527940062814622 0.999367994943415 1.1608597598924193 1.4725798953409779
30 300 21.689829536908015 1.4593641929558734 0.5991160418806549 0.5991160418806549 0.6699345981549817 0.7149479107802875 0.7742501807091078 0.8871736580569325 0.9280250155591632 0.9651542597986884 0.991106460503384 1.12296036737755 1.4593641929558734
31 310 21.620591686439194 1.4251350005981165 0.5893030069637656 0.5893030069637656 0.6859345685227053 0.7163535158009294 0.7552406005569898 0.8591947558188371 0.9332094730394858 0.9641405760718654 0.9968479623821134 1.1154099453125381 1.4251350005981165
32 320 21.869631232619938 1.4026334075512927 0.6004148758247798 0.6004148758247798 0.6676246625988084 0.7116391400441309 0.7388699561514096 0.8608564648115057 0.9298516719796551 0.968652401158538 0.9785291223963719 1.102916730848588 1.4026334075512927
33 330 22.319863285888555 1.4222250262132188 0.5904979937053507 0.5904979937053507 0.6701894523757501 0.7288287891963932 0.7469933665221876 0.82848128968609 0.9160392616357081 0.9517962626735247 0.9643642505415894 1.1200215083019889 1.4222250262132188
34 340 20.64224310178872 1.40552156878585 0.5939478267873618 0.5939478267873618 0.6555799564800148 0.7214539298562614 0.7464601012837466 0.8357467392708231 0.8857942729750059 0.9433052242681448 0.981729302318265 1.1200500560073001 1.40552156878585
35 350 20.93727094296191 1.3910640321362635 0.5782889715659455 0.5782889715659455 0.6412562090162911 0.7143387320003843 0.7552956120236624 0.8145611035703009 0.8758546469637276 0.9298997781299722 0.9811186416302469 1.0974442973516059 1.3910640321362635
36 360 21.439505138938586 1.3353273530573022 0.5858342868012362 0.5858342868012362 0.651071994312778 0.7060640705814385 0.7628378733844402 0.8051653347331403 0.8860845571566502 0.912159043614674 0.9726690747058352 1.1197580499951734 1.3353273530573022
37 370 21.429984310623574 1.3307538674037105 0.5697580602673584 0.5697580602673584 0.6714750296948812 0.7069125330307741 0.7514067590048462 0.8029345688253129 0.8689702618447973 0.9094619749577633 0.9816104888681111 1.1068478827439094 1.3307538674037105
38 380 20.069928645706234 1.2985614320357113 0.5739546621501546 0.5739546621501546 0.6769557541109555 0.6843420567581784 0.7567743100650666 0.8135406565574151 0.8725298170193773 0.9179913089567127 0.9806587847734675 1.076002865874914 1.2985614320357113
39 390 18.73561270742255 1.2580000976383405 0.5814270160357771 0.5814270160357771 0.6575060658649914 0.6827609919331792 0.7439051930192466 0.807893871316165 0.8710075423330995 0.8946315606421787 0.9927892811858614 1.0779094321591653 1.2580000976383405
40 400 17.72054076380045 1.281166170800089 0.5722730099567052 0.5722730099567052 0.646950901007953 0.6777819084574099 0.7125673411563799 0.8072846608772882 0.8637968130710892 0.885887768242767 0.9967793186202833 1.0622442349936143 1.281166170800089
41 410 17.97784434191255 1.2798176883491321 0.5709418831986958 0.5709418831986958 0.6047783038772322 0.6737384368298011 0.7332961340402114 0.7872381265888284 0.8538330514555723 0.8951899090851072 1.0015628566087549 1.0430978679499616 1.2798176883491321
42 420 17.656187297173346 1.261419550780865 0.5547554544920269 0.5547554544920269 0.6143700017086582 0.6656865779979506 0.7530853367999919 0.7809894143617424 0.8301143030402486 0.9097319374222038 0.9975420825564214 1.052391942176101 1.261419550780865
43 430 17.209152818409944 1.2671633382510061 0.5523868946228474 0.5523868946228474 0.6034629333503955 0.6601329466012595 0.7517814104082199 0.763587469235079 0.82491084300432 0.9121676865869489 0.9914007831393727 1.051287705098677 1.2671633382510061
44 440 15.808773544423312 1.2459862447770123 0.5469038795580584 0.5469038795580584 0.5995663684943585 0.6598123768597527 0.7466334979077222 0.7589725130658999 0.8122190231145885 0.9090479907150458 1.0088346554298697 1.0602194921823154 1.2459862447770123
45 450 14.554762268260015 1.237441234250074 0.5390371170405912 0.5390371170405912 0.5962493633805885 0.6664089956171145 0.7068314329278529 0.7551167885562204 0.8093531682040269 0.8978613063543333 0.9999997919671039 1.0589757053129785 1.237441234250074
46 460 13.65075811212056 1.2214738913280418 0.5412024481815486 0.5412024481815486 0.601422020663002 0.6533127584335879 0.683843724844315 0.7597937853097072 0.7861653886395806 0.8833084567195619 0.9963508386201404 1.0581210539998362 1.2214738913280418
47 470 14.635371691364371 1.2287002350742124 0.5369036412120367 0.5369036412120367 0.5919021819897579 0.6473251025164127 0.6795366733003804 0.7644553572614983 0.7831396793053437 0.8795572037915692 0.9702341670758953 1.0315824545736194 1.2287002350742124
48 480 14.099524681600146 1.199536358053046 0.5508911112639415 0.5508911112639415 0.6163634187642398 0.6432982221015101 0.671964925684101 0.7635096145529647 0.7765642657960816 0.8671164061037797 0.9646620590318782 1.0328110911265465 1.199536358053046
49 490 13.707632433928556 1.191215930986812 0.5436234359107022 0.5436234359107022 0.6094976219308954 0.6430395105903489 0.6695046274517105 0.7238577882832785 0.7717444841194526 0.870138207769963 0.9677404637271941 1.0325082543532274 1.191215930986812
50 500 13.077358556598067 1.1788502700004115 0.5353551366171169 0.5353551366171169 0.6190092315686782 0.6373016142940641 0.6634303216643486 0.7155883158700249 0.7659988137548648 0.8680000715197387 0.9569718509329246 1.0293394375150233 1.1788502700004115
51 510 11.541852088933034 1.1664678848046657 0.5278200960759425 0.5278200960759425 0.6112859380264248 0.6407887932026735 0.650737167326764 0.7047719570757106 0.7433966521474277 0.8814042274081513 0.9460169223381092 1.033656587517636 1.1664678848046657
52 520 10.70879173247474 1.1829762212567692 0.5276235495795443 0.5276235495795443 0.6035351996310864 0.6238877304103199 0.6458932134472253 0.7037688119039865 0.7338927020900802 0.8769030937605289 0.9309780625165054 1.0279912853000646 1.1829762212567692
53 530 9.387491261813024 1.184567770583544 0.5180434438487117 0.5180434438487117 0.584076894831616 0.6239077367027388 0.6443920836250461 0.7081046892011813 0.7387946497664492 0.8690849014220088 0.91641816030691 1.0117741075045223 1.184567770583544
54 540 8.756633592946612 1.164601632493366 0.509942784281039 0.509942784281039 0.5765425908283515 0.6257313113879014 0.6441279032158785 0.7083056510525134 0.7231397584199789 0.8548379144758236 0.9120018917054228 0.9922868541148946 1.164601632493366
55 550 8.114779228973276 1.1446477537248085 0.4875175972510218 0.4875175972510218 0.5830248023878032 0.6323193187324261 0.6494265193536986 0.7030130472338301 0.7091458189593772 0.8541400702423153 0.9102610296069298 0.9637122308649951 1.1446477537248085
56 560 8.227951204621899 1.13349512745447 0.48420478124773275 0.48420478124773275 0.5746824502245811 0.6273598249591822 0.6435629973247361 0.6971102708429077 0.7178861982707608 0.8455207128637481 0.9100088327062652 0.9268376598734602 1.13349512745447
57 570 8.10460624795175 1.1090429760025187 0.49381407102815683 0.49381407102815683 0.5525914239291001 0.6290203461953991 0.6452740449189001 0.7020454017183597 0.7088551623417725 0.846077843469639 0.9125637035302622 0.9503365836005208 1.1090429760025187
58 580 7.780799885894444 1.1037984073003158 0.4949524666090995 0.4949524666090995 0.546740663939196 0.6160392512207422 0.6408129463376513 0.6921048787206718 0.7111375416132381 0.8534889118680876 0.8893359555075011 0.931822415791807 1.1037984073003158
59 590 7.589280029936569 1.0670659674689087 0.48643948961311184 0.48643948961311184 0.5484104746207737 0.6050024440714693 0.638774942659951 0.6816643121790443 0.6960248656593513 0.8589457262576868 0.8937798045809148 0.9353387904433842 1.0670659674689087
60 600 6.931270300730652 1.068858682868211 0.464266190759823 0.464266190759823 0.5472437775063339 0.6047527713934375 0.6507484519726251 0.6815389712295249 0.6851240581681413 0.8413338117507762 0.8853663531237399 0.9379817271320711 1.068858682868211
61 610 6.4728389766879255 1.0700719085136934 0.46355202453748984 0.46355202453748984 0.5261491741254707 0.5961512654860273 0.6368634172237337 0.6800820139896785 0.6932077029634099 0.8217353592982621 0.8792422608600655 0.9260768355390352 1.0700719085136934
62 620 5.824460160317525 1.052171178518203 0.45763001683458826 0.45763001683458826 0.522797644676036 0.5883756341350784 0.6287311897916336 0.6760837508597418 0.6937953109562618 0.8283268583628705 0.8674779446842279 0.9151527798958571 1.052171178518203
63 630 5.690924620427121 1.0355129709962232 0.4528588199078081 0.4528588199078081 0.5144831439404826 0.5617923086764444 0.6123301855427251 0.6852698781133068 0.7054329891826326 0.8207085166585013 0.8647853705568128 0.9040556881066487 1.0355129709962232
64 640 5.329970184573833 1.0317881962408204 0.45008318311514367 0.45008318311514367 0.5105963823462053 0.554875791978105 0.6034490012663264 0.6784361441734342 0.6924334314766539 0.8283815178730258 0.8765201064446865 0.9029716005181172 1.0317881962408204
65 650 5.234566430105347 1.0135542781056865 0.4484332590129109 0.4484332590129109 0.517079348025809 0.5465077823532253 0.592285124120295 0.6626882765336235 0.6896269520294939 0.8319420864449794 0.8655804606925274 0.8897786042212255 1.0135542781056865
66 660 4.88892978270262 1.0221541546873396 0.44075225324612144 0.44075225324612144 0.5139393766343299 0.5497035606187337 0.583534320634658 0.6594357496633173 0.6683840807925064 0.8393456808888197 0.8615503660921411 0.8984230754681104 1.0221541546873396
67 670 4.452939024321567 1.0222434586735338 0.44280913845291137 0.44280913845291137 0.5018499731504932 0.5376339744562056 0.5711398995275206 0.6437829657855093 0.6590295082491407 0.8324131905611019 0.8704277344382513 0.900647239455962 1.0222434586735338
68 680 4.335578922791713 1.0117568282317126 0.43729569813643593 0.43729569813643593 0.4888106723140517 0.5398574255082893 0.573124810074483 0.6445673230137386 0.6487733225732142 0.8226382523931882 0.8490147787450177 0.8773197120126157 1.0117568282317126
69 690 4.5770340651907935 0.9760676743513884 0.4383842419803509 0.4383842419803509 0.4952189315213753 0.5351209418902784 0.5613091790573546 0.6420241013517747 0.6708205534512955 0.808425186998976 0.8515195364525413 0.8617439487376028 0.9760676743513884
70 700 4.3876281361779945 0.9520219341988693 0.43510068168998167 0.43510068168998167 0.5102492551085589 0.537044567958921 0.5586502602648412 0.6362239043478501 0.6818748895075091 0.813076606978219 0.8505246266630022 0.8727135743245615 0.9520219341988693
71 710 4.261661715126719 0.9272636806855021 0.42655699823248033 0.42655699823248033 0.500137618280596 0.543132881583985 0.5586787422835741 0.6331370610141351 0.6807500086723297 0.8063079370962635 0.8421260840706231 0.8778281272943266 0.9272636806855021
72 720 4.106007873288004 0.9277137781398768 0.41875987621258365 0.41875987621258365 0.4953674925482474 0.5310295074732834 0.5485671683507001 0.6157808780179906 0.705235282981465 0.7915699466250053 0.8277229009604186 0.9057742855362907 0.9277137781398768
73 730 4.2575134166682975 0.9033867231201402 0.41358149325174953 0.41358149325174953 0.5051150131451811 0.5455568472055395 0.5501081444690931 0.6061583064689362 0.7083208098930591 0.7801868332685391 0.8202266759402785 0.865765958724891 0.9033867231201402
74 740 4.063907925750254 0.9052590357941673 0.40440932755960696 0.40440932755960696 0.4982408079590249 0.5411260110571765 0.5948849827822877 0.6174400080031537 0.6887106452712669 0.7772975581421406 0.8199187420043694 0.8652662281747043 0.9052590357941673
75 750 3.778692333875891 0.8892478369652403 0.40818199301709834 0.40818199301709834 0.48954618232681596 0.5377458185158566 0.5993835744359516 0.6050177489344211 0.68941478478438 0.7560757643589336 0.8161277093833996 0.8613863280367328 0.8892478369652403
76 760 3.5600272648700497 0.9217452135813704 0.40513410103418573 0.40513410103418573 0.48503008675999093 0.547958916522631 0.5903081766974307 0.594726202283185 0.6772379442538294 0.7412477066585517 0.7982668088139221 0.8459002853643833 0.9217452135813704
77 770 3.2237206483878706 0.913455361230764 0.4039349342196996 0.4039349342196996 0.48257273240612136 0.5344583767142719 0.5934106138349023 0.601946524168838 0.6560084579009192 0.7359261847505717 0.800159035040761 0.8242779979946787 0.913455361230764
78 780 3.106384510255965 0.9035191175250763 0.4048742400168502 0.4048742400168502 0.4746227901948226 0.5314183622171359 0.5754730455482837 0.5881497489736263 0.6512985634717467 0.7356748241206669 0.80463935954846 0.8092058607285316 0.9035191175250763
79 790 3.217431765538252 0.8985869567433791 0.39908934729058454 0.39908934729058454 0.4729645166465222 0.531018056967687 0.5662662463424062 0.5867439930810568 0.6395868868950751 0.730243083808078 0.7890104643418884 0.8127709377436958 0.8985869567433791
80 800 2.9588827701213423 0.8919530118027548 0.4009961935931271 0.4009961935931271 0.47663146049493155 0.5143470965443137 0.5545759283465057 0.5840240158382514 0.6429691004851414 0.7279608955820563 0.806667663125713 0.8284181584568137 0.8919530118027548
81 810 2.754892484430535 0.8849989908938224 0.3978211143613436 0.3978211143613436 0.46936781297507413 0.5129205214704751 0.5317394128465647 0.5847076464462788 0.6468972501699677 0.7306613557010836 0.7957603324878312 0.8292079224978115 0.8849989908938224
82 820 2.6927234026901328 0.8985993013565322 0.39941489503160715 0.39941489503160715 0.46745407176387316 0.5114017466507425 0.5270031726221656 0.576210556256003 0.6322298733292958 0.7235474826093286 0.7648002617738601 0.821799160047285 0.8985993013565322
83 830 2.8555179859965043 0.8818126376371134 0.40085083774220914 0.40085083774220914 0.4633786287772084 0.4872585651189207 0.51664720951012 0.5982222228499974 0.6182939610227479 0.7360345346561975 0.7652016884297728 0.8329658468263896 0.8818126376371134
84 840 2.934404361799517 0.8872673909437555 0.39231120644563694 0.39231120644563694 0.47082685362216503 0.47651055557377003 0.5094883885072015 0.6022673395292323 0.6231499307589936 0.7525266348755436 0.7819129521176017 0.8154656374923924 0.8872673909437555
85 850 2.957749306975078 0.895805347542083 0.39157627034272297 0.39157627034272297 0.46562676339760434 0.4774649919295416 0.5071543409167784 0.604851279758638 0.6202446757853357 0.7087507806473836 0.7853704970312098 0.817199697385892 0.895805347542083
86 860 2.920666394962154 0.8804772583010831 0.3957609593562582 0.3957609593562582 0.4651370025914415 0.4731188767725757 0.5019202461202699 0.600452066492246 0.6175735895448675 0.7062418326095402 0.7597291728498317 0.8121937390908279 0.8804772583010831
87 870 2.7569620846606275 0.8786129584510003 0.404277367704843 0.404277367704843 0.45665470430703603 0.47222962713573385 0.5028105914737604 0.5992282560425078 0.6154027891683325 0.6784805435634519 0.7414455051625006 0.832087186940261 0.8786129584510003
88 880 2.5550413167369816 0.8610114820119191 0.4029442022027205 0.4029442022027205 0.4534897432827121 0.4617325306210606 0.5087630849795557 0.5940142063356976 0.6081326904408338 0.6803732852599034 0.7211722715808837 0.8317018524228768 0.8610114820119191
89 890 2.3026026663835295 0.8504289172705507 0.38586948974241175 0.38586948974241175 0.44827846926314846 0.46077705867794294 0.5267500681535502 0.5750709868032103 0.6022838948208361 0.672668015330684 0.7270529939107334 0.8387198443386955 0.8504289172705507
90 900 2.206588936764115 0.8488924924109775 0.37983234360611223 0.37983234360611223 0.4383626884755768 0.4666133195427949 0.5249113596204705 0.543192650297167 0.6016952135388598 0.660308759627802 0.7242961281575099 0.8395488474514758 0.8488924924109775
91 910 2.0600583799214234 0.8603868437814123 0.3736509961328438 0.3736509961328438 0.43656301361352307 0.4604747525249011 0.5146954098292287 0.5480966921869452 0.5962317245856522 0.6486598103452252 0.7274934134423384 0.8530941465069983 0.8603868437814123
92 920 1.979901797787976 0.850479459396498 0.3774581229747238 0.3774581229747238 0.4415253507647578 0.46078127343354924 0.5005437483584223 0.5182392768450242 0.6126548674567359 0.6434337735526953 0.7344089807588795 0.831100070773556 0.850479459396498
93 930 2.0568818187958957 0.8415258592544811 0.376375730021414 0.376375730021414 0.4446094789782514 0.4573971655869174 0.49324449248512375 0.5230803557661974 0.6154138791439254 0.6434325228916074 0.7068402304181811 0.8196104909205196 0.8415258592544811
94 940 2.166486825917946 0.8442266538166644 0.3816978098697049 0.3816978098697049 0.42558022739101836 0.4570923874637275 0.4938891424369545 0.5424301493884134 0.619039290365656 0.630986660129674 0.7131048109150011 0.8179155843561141 0.8442266538166644
95 950 2.172457884215608 0.8470285787672622 0.3868016824104592 0.3868016824104592 0.42239715819365786 0.4567003318371861 0.4766655603575663 0.5511954067617042 0.6117127883325693 0.6314676797912606 0.70693666072374 0.8180361929255148 0.8470285787672622
96 960 2.102564337148383 0.8380708019219539 0.38399901278373366 0.38399901278373366 0.4285053709721214 0.44864653853453684 0.4700304200335377 0.5575677099493362 0.600113014264808 0.633514036178358 0.6902652543948322 0.812384454673667 0.8380708019219539
97 970 2.056407747089136 0.8279907489226023 0.37126392177422635 0.37126392177422635 0.43124805222531415 0.4514589525847927 0.47667709641602884 0.549996023144406 0.5932649238895711 0.6388895434901264 0.6742712902169175 0.8080506278384043 0.8279907489226023
98 980 1.9439175116169052 0.8540345537970414 0.3648387236160497 0.3648387236160497 0.43014558489125704 0.4553124911386309 0.4722409507168005 0.5533501083453946 0.5890450059320671 0.6371239894052397 0.66736334547007 0.7773526565922905 0.8540345537970414
99 990 1.841262474594755 0.8588980153482675 0.3588955842472363 0.3588955842472363 0.4209799850808748 0.4437081543231995 0.4774322681885311 0.5321486012440594 0.5978622266944719 0.6331610218855785 0.6575408379049142 0.7874142447387411 0.8588980153482675
100 1000 1.9230080068950717 0.8646805304566147 0.3506093233749803 0.3506093233749803 0.4173696596577695 0.44456388581006634 0.4785104009082141 0.538926384841417 0.5883416657958019 0.6268524146927595 0.6547889138897761 0.782900898541706 0.8646805304566147
101 1010 1.9069985643653191 0.8622457987065376 0.3452820526574635 0.3452820526574635 0.4169133686424495 0.4415152072322318 0.47396102084083547 0.5429000910981312 0.5918071311776576 0.6186068268782434 0.6623680804869801 0.8016466402366164 0.8622457987065376
102 1020 1.817485798236537 0.8618026423004517 0.33655678438809594 0.33655678438809594 0.4186111677762288 0.4349600971114772 0.46398167912038646 0.5420553579821638 0.6008308611236967 0.6101555968395014 0.6721206730028809 0.7779263157639594 0.8618026423004517
103 1030 1.6320226740446975 0.8935655553812722 0.33417847402589745 0.33417847402589745 0.4190114957011037 0.42317987918064714 0.4637032784416109 0.5293645596550036 0.5813994490340124 0.6116303977769983 0.6668148136982565 0.7538742417479258 0.8935655553812722
104 1040 1.4687317353443103 0.8778826698140515 0.32298682312941007 0.32298682312941007 0.4120184541845373 0.42161053722221215 0.458294642032817 0.5157866100882101 0.5788104771789019 0.6118907536273499 0.6646455960920316 0.7525341549090073 0.8778826698140515
105 1050 1.3694156232233676 0.8902042249344703 0.32239792060557954 0.32239792060557954 0.4097809315277993 0.4230481605539028 0.4355411972939657 0.5049207993323263 0.5604572449656803 0.614988835738974 0.660567378277308 0.7410395301816936 0.8902042249344703
106 1060 1.3337482593938819 0.8948655077460798 0.3184494861718623 0.3184494861718623 0.4104265667633049 0.41971402499261057 0.43898047402380896 0.48588298426366033 0.551667055633417 0.6032443521600613 0.6607636632457609 0.7323899099744173 0.8948655077460798
107 1070 1.2327599476628235 0.8931483213338145 0.31915463229663943 0.31915463229663943 0.40155548299074195 0.4208418255068976 0.43750210454559174 0.49797345044775504 0.5551505848843433 0.581483965482014 0.65890633081292 0.7120592447663626 0.8931483213338145
108 1080 1.102820579026509 0.8728813331255646 0.32256762506979214 0.32256762506979214 0.3857479529540213 0.4210601444966642 0.4365332288884532 0.48869343507651664 0.5524365970279371 0.5724198804230154 0.6588061467245411 0.7092205393937316 0.8728813331255646
109 1090 1.1388891859042587 0.8442524100077851 0.3207576297879045 0.3207576297879045 0.38196180414312797 0.42054796941049943 0.4321363580823261 0.4835830960616623 0.5469803444439645 0.5674865263747345 0.6518565812754338 0.6937727775173552 0.8442524100077851
110 1100 1.1204307070720843 0.8283509975484492 0.327258833837667 0.327258833837667 0.38372796303748796 0.40458560525363246 0.4350752291014765 0.48871726263498616 0.5376809877543905 0.5742097605159068 0.6557743104648128 0.6919053065681019 0.8283509975484492
111 1110 1.1009446173233577 0.8270806975780187 0.32534956519021985 0.32534956519021985 0.3809615942159969 0.4027744004666354 0.4267198355314677 0.4778313070085044 0.5367231785329659 0.5747084373370056 0.6508187650323932 0.6795067537315577 0.8270806975780187
112 1120 1.0581580549994474 0.8354206747598698 0.32657671186035964 0.32657671186035964 0.3815933147104105 0.39718393105973365 0.4173146815619163 0.4677184203133558 0.5330454670971588 0.5788280145474864 0.6470111448539476 0.666134251379665 0.8354206747598698
113 1130 0.9952595187724029 0.8202755750447304 0.3347379754668754 0.3347379754668754 0.38014300029170806 0.3885863347389363 0.4180225901503457 0.4634887901191983 0.5314743717164392 0.5710727697677539 0.6376050225951685 0.6642218644795482 0.8202755750447304
114 1140 0.9030247199203868 0.7954223786768214 0.32797064579434415 0.32797064579434415 0.371729677678504 0.38352174906081876 0.42072947581348286 0.4530935143730838 0.5278576683693488 0.566822969295549 0.6321545360198654 0.6659708565424766 0.7954223786768214
115 1150 0.8186020849400902 0.7585573760713549 0.3206325947920684 0.3206325947920684 0.36717040702950804 0.37496805641177217 0.41734815208339376 0.458419144882174 0.5305038064457592 0.5683517805007964 0.6249236143302236 0.6624373669801933 0.7585573760713549
116 1160 0.7297024099109332 0.7529380168328542 0.3109281743184926 0.3109281743184926 0.35849336514976055 0.3735613520813266 0.41366262309822116 0.4574675847518288 0.5310157176346108 0.5604843542919523 0.603285385563839 0.6625615098573293 0.7529380168328542
117 1170 0.7315559249225548 0.7424619377561098 0.3132930320726283 0.3132930320726283 0.34508818320268597 0.3706544758892781 0.4130537074241109 0.45090811435057093 0.5194113180185905 0.5609486863405829 0.5951279221511371 0.6426295310568143 0.7424619377561098
118 1180 0.7370938753275711 0.7611433827369595 0.32031331101347255 0.32031331101347255 0.3292460485602845 0.3758136029888024 0.419449224824017 0.450050758310934 0.5146344715742148 0.5566362580303827 0.5936403471618276 0.63546326394132 0.7611433827369595
119 1190 0.682819619314317 0.7511661031151132 0.3204462437304032 0.3204462437304032 0.3264163080299108 0.3695183779232564 0.42731266034218957 0.44442947549176226 0.516069115621823 0.5550535962541382 0.5917951734067166 0.6299983617627954 0.7511661031151132
120 1200 0.6863965729410413 0.7327420572716741 0.3138645267509979 0.3138645267509979 0.3255085257945782 0.3727491743066191 0.42266724885040513 0.43406647731813175 0.5168615806130715 0.5444669579826165 0.5911065125816859 0.6365829483052491 0.7327420572716741
121 1210 0.6351265000314639 0.7232636671794266 0.3112828461092779 0.3112828461092779 0.3205710562720954 0.3710469865786924 0.4247015237444375 0.4316575186326434 0.5174971427462424 0.5501532790047601 0.5818535859450914 0.6328285473450577 0.7232636671794266
122 1220 0.5851225906273347 0.7235905014825686 0.29919377546549064 0.29919377546549064 0.3217002689251466 0.3594894696257494 0.42963512998402414 0.43180205428316937 0.506540606135918 0.5505066415269854 0.5736664946017112 0.6308401876873676 0.7235905014825686
123 1230 0.5323970782407949 0.7217018200275379 0.295326583162537 0.295326583162537 0.3158361024835555 0.3534946751543593 0.426568478483408 0.4340030889502139 0.4986250518384292 0.5400056620525802 0.5718036520562386 0.6295605557912556 0.7217018200275379
124 1240 0.48635277845366653 0.7109187375687704 0.2916297902244564 0.2916297902244564 0.3137000817756594 0.35849128089069315 0.4201086769220374 0.4267601292549653 0.49958264005802716 0.526891599160883 0.559406892767605 0.6216710868724491 0.7109187375687704
125 1250 0.46228373473819123 0.698385596995631 0.29087533026820866 0.29087533026820866 0.3120564379705364 0.34826951671454803 0.41154600348073384 0.4184657033028671 0.49919098742965107 0.5242648164340452 0.5635787029752745 0.6162468638800224 0.698385596995631
126 1260 0.4273233503239232 0.6807678097588887 0.2811995688927166 0.2811995688927166 0.3166736923266712 0.334865279200448 0.4065242079822937 0.4202267762813812 0.5028646496358544 0.523791481987503 0.5704717267694596 0.6129260956868978 0.6807678097588887
127 1270 0.3799661674924947 0.6832425856773695 0.27407297938176606 0.27407297938176606 0.31801185570107615 0.32664531158352045 0.4046168346819831 0.4103300110299524 0.5022779108665448 0.5220055082963374 0.5670006852497105 0.595109386007877 0.6832425856773695
128 1280 0.34815198742843284 0.6664509803239388 0.2679654270560221 0.2679654270560221 0.31406753333341897 0.32169370089440513 0.4009864619865581 0.4088128430644551 0.4976382332528009 0.5261107672978045 0.5545466344903783 0.5816311266805884 0.6664509803239388
129 1290 0.3255150897961785 0.643021792298815 0.2675428119159729 0.2675428119159729 0.31221415720728585 0.3234562312656796 0.4004778942848736 0.4084947508691905 0.4813188025970018 0.5071645938272776 0.5492304195939732 0.5862818922722112 0.643021792298815
130 1300 0.30145448684623843 0.6534971626676729 0.2641685650013839 0.2641685650013839 0.30534483011545305 0.32409286281736804 0.3969029378959345 0.4130951052527477 0.46290744414026025 0.513031530586889 0.5610381114852826 0.59352103286099 0.6534971626676729
131 1310 0.27786662089810504 0.6434338822987034 0.26213128683312215 0.26213128683312215 0.3032062747143033 0.32440033308704186 0.3927783110004677 0.405717628362227 0.4643445187570325 0.5039487480732258 0.5659739382395299 0.5750221384629575 0.6434338822987034
132 1320 0.28022206432787095 0.6459472606728177 0.2498143501937264 0.2498143501937264 0.30477896179534936 0.32109535469164824 0.3848658727115275 0.4058796323865258 0.46190074865820835 0.5075144211207481 0.5626411882150625 0.5710120120245098 0.6459472606728177
133 1330 0.27655873157553296 0.6369311108258998 0.2486183329052352 0.2486183329052352 0.3024789990594223 0.31843506048736564 0.3757940442606356 0.3964395638528809 0.4666947635054667 0.5286465205305125 0.5536588806607939 0.573531873698956 0.6369311108258998
134 1340 0.25323364385108477 0.6274063486321587 0.24649367837907518 0.24649367837907518 0.2961533721198787 0.3152376256682648 0.37605709596417375 0.3958512577373739 0.4692712041825323 0.5261243876924777 0.5536611412921649 0.5704298761827873 0.6274063486321587
135 1350 0.24117488431420292 0.6105736130270663 0.23522777657607583 0.23522777657607583 0.28965164554230965 0.3162595843597189 0.37834863519651574 0.39779673859865594 0.4602771164300135 0.5205133443703912 0.5587692749063249 0.5674608453559167 0.6105736130270663
136 1360 0.21724392345375776 0.6109708994496948 0.22796299058408337 0.22796299058408337 0.2871149300559596 0.31033980491179386 0.36557228150783977 0.39714878395654196 0.47270186648327517 0.5130696936539596 0.554161669836561 0.5634125385331281 0.6109708994496948
137 1370 0.2003976241663137 0.6164473162796908 0.22680636778204488 0.22680636778204488 0.27235653516732317 0.3030340452001394 0.3577914297264281 0.39146385603507927 0.4730988692891168 0.5087236583667212 0.5328558033304643 0.5700410414742444 0.6164473162796908
138 1380 0.20334635697348236 0.6098616338981552 0.21931004687431774 0.21931004687431774 0.27128959137867625 0.29964509312612464 0.35282533907873653 0.383783794838865 0.46809109728401627 0.5015540755849958 0.540109587198644 0.5663850157565972 0.6098616338981552
139 1390 0.19601969554045232 0.6081423511187827 0.2185166864491819 0.2185166864491819 0.2673954950296487 0.2972401588787291 0.3690684203522582 0.37794868018361777 0.4695487720192197 0.48810607464233347 0.5387042511640117 0.5686222809300088 0.6081423511187827
140 1400 0.1822930546143709 0.6073752488335141 0.21786981743160444 0.21786981743160444 0.26291812760926253 0.2953613302514715 0.3649909549663057 0.3797372007387321 0.45927364866279874 0.4799187469198647 0.5416871013551549 0.5740883308202742 0.6073752488335141
141 1410 0.17236564198000218 0.6138753736215732 0.2068947237997653 0.2068947237997653 0.26154328338928373 0.29016944294924246 0.3615855595196961 0.3783368222605581 0.45535863839088525 0.4817879821257651 0.5299875352119487 0.5733414933337588 0.6138753736215732
142 1420 0.1683725969990312 0.6124195195939737 0.19902975534898393 0.19902975534898393 0.2531473054342306 0.2885430530419611 0.35104162270806555 0.38951607151069106 0.45818804658399026 0.47955156073962346 0.5165981582129379 0.5752023006171141 0.6124195195939737
143 1430 0.1584762607677393 0.585510182194432 0.20557521450839403 0.20557521450839403 0.25686726512028807 0.2901350543303617 0.34909021658124506 0.39432422087542707 0.45399765220073196 0.4748905429607804 0.49846412832806886 0.5605744763499941 0.585510182194432
144 1440 0.14499163556485556 0.5810549358232849 0.20377267870782328 0.20377267870782328 0.25649348385016285 0.2810439346112553 0.34577436316147875 0.40145226189611505 0.4548742008560389 0.4667486824528652 0.49382844846934915 0.555745813488551 0.5810549358232849
145 1450 0.13010452260879693 0.5891973639853723 0.20332027357217494 0.20332027357217494 0.2569657123303696 0.2736447318347058 0.3421527855477475 0.3930608352237499 0.4578568246392897 0.46326576134196934 0.4734088142523479 0.5511254813794518 0.5891973639853723
146 1460 0.11895050692882018 0.5767657166436788 0.20111026102559393 0.20111026102559393 0.251921476257066 0.26323056775891807 0.3406519308566842 0.39133582081331236 0.4568089447661466 0.46484581925219587 0.4658528390737015 0.5427231266497216 0.5767657166436788
147 1470 0.11606904176925584 0.5755571782968054 0.20263525954653488 0.20263525954653488 0.24079509161318557 0.2620386156907511 0.3330934523671787 0.3912460744512568 0.4452452649089804 0.4653749976324619 0.4713008269288105 0.5283281468116943 0.5755571782968054
148 1480 0.11122256426739843 0.5798752395100792 0.20406530081318108 0.20406530081318108 0.24607565656902872 0.26368495409357473 0.32345788073895076 0.3898912930150825 0.4372238173792149 0.44881938165875623 0.47145244542129755 0.5380525022735883 0.5798752395100792
149 1490 0.10782507906879064 0.5794807793594868 0.1971275722023949 0.1971275722023949 0.24217965643202716 0.25912171183581806 0.3240691403549348 0.387891851761327 0.42936945005881966 0.45259030853030485 0.4658607995132142 0.5412954589730761 0.5794807793594868
150 1500 0.09588664192566022 0.571578006943131 0.19491147535721748 0.19491147535721748 0.24942976082804952 0.2603080227662207 0.31760256040727836 0.37010514506970144 0.420013065820935 0.44663050575300656 0.46065189336210344 0.5541036034361384 0.571578006943131
151 1510 0.09424084437840277 0.5634228547565546 0.19519461884188322 0.19519461884188322 0.25004548809741006 0.26040883429967815 0.30174933534244036 0.3657614936888524 0.4191176419851465 0.4445356396652139 0.45093616043373885 0.5517632575231672 0.5634228547565546
152 1520 0.08898825573954586 0.5764800739549646 0.1871917769164136 0.1871917769164136 0.24914974887790542 0.2535343856835186 0.30562583796702664 0.35623088418875215 0.4156927585396699 0.4415072031400611 0.4637044185619927 0.5525033619481401 0.5764800739549646
153 1530 0.08392175103978174 0.5683388425328276 0.1852619975215002 0.1852619975215002 0.24381908657236528 0.25387958932540056 0.3031836205265605 0.3503157590465742 0.4070873404658221 0.4316870832501522 0.47586439214601256 0.5481779140508855 0.5683388425328276
154 1540 0.0786513847153576 0.5746489316327159 0.18579350116302817 0.18579350116302817 0.24168823230513095 0.24763256967514502 0.302293014136447 0.3412949971189759 0.40128890427468095 0.4256057132769035 0.47752534145029424 0.5515812256589704 0.5746489316327159
155 1550 0.07999116675112686 0.5690251997674478 0.18275089377043255 0.18275089377043255 0.2382441539733753 0.24813713940966975 0.3020106532889058 0.33427105061394835 0.3988136641771841 0.4231940143876902 0.46662609971347274 0.5363431518811116 0.5690251997674478
156 1560 0.07708901322622173 0.5761049166665383 0.18358726273133033 0.18358726273133033 0.23592356561267674 0.24694842127387429 0.29774096636402736 0.3458344973200278 0.3997492727728271 0.42740362965919826 0.4594762911640032 0.5335948070704861 0.5761049166665383
157 1570 0.07995157865138074 0.5659217738881814 0.1830452117708984 0.1830452117708984 0.2346763314085133 0.24636223313220568 0.29630900733133375 0.32835671709860836 0.40383130350720375 0.4339500216271626 0.4569079426678659 0.5288977419494695 0.5659217738881814
158 1580 0.07673359574669264 0.561152693638266 0.18100670827561915 0.18100670827561915 0.237467549670498 0.2455358213939035 0.303411847770257 0.3249749874825592 0.3923396388152771 0.4282125394033121 0.48314206793510805 0.5043952618623726 0.561152693638266
159 1590 0.06718139342381627 0.5531234763705688 0.17697971733923903 0.17697971733923903 0.23633015571016283 0.23981433277448558 0.30591561310196225 0.32669466823564897 0.3946126452675415 0.4260962123040045 0.4850630005221304 0.50111310500537 0.5531234763705688
160 1600 0.061535816505753425 0.5488117896335634 0.17867603766709592 0.17867603766709592 0.22959577960322985 0.23654015166903009 0.29093078841496994 0.32493776785093653 0.37888568378681897 0.42621328526206526 0.4822835579679069 0.5110834886579904 0.5488117896335634
161 1610 0.05665126445533466 0.5557054185191727 0.17573647435897768 0.17573647435897768 0.2251296454602663 0.23718238481536558 0.28286848448271257 0.32366533950159543 0.3854563871394682 0.4177453789712004 0.47028564277486734 0.498566713887751 0.5557054185191727
162 1620 0.05230677710079583 0.5442295212818422 0.17057621691955424 0.17057621691955424 0.22319548124740055 0.2385132407381456 0.2781279969322401 0.32569041674031035 0.3853239193836571 0.4100733229349429 0.46643806070780625 0.49235592892870544 0.5442295212818422
163 1630 0.047945972210809276 0.546170545441663 0.16918602879647657 0.16918602879647657 0.22090317343731636 0.23920094879569562 0.2756534385476714 0.3289826949365196 0.38125146000561627 0.4118855456627987 0.46238422579956473 0.46333861003423965 0.546170545441663
164 1640 0.048404341049834605 0.5307175054089859 0.16248382005170875 0.16248382005170875 0.21845167184699515 0.23152867623118692 0.2785578598916856 0.3344331793747702 0.3781193420454765 0.40798465992976574 0.45583635695032426 0.46422962534508916 0.5307175054089859
165 1650 0.04776505818961941 0.5167524991814848 0.16252188251723118 0.16252188251723118 0.21707260706684003 0.228772184262586 0.28513665124777177 0.34272914674564076 0.3807263587344507 0.39583389644071604 0.45908158647101666 0.4664596311620999 0.5167524991814848
166 1660 0.04321152538877405 0.5076967271385915 0.15828767417990408 0.15828767417990408 0.21632166250231388 0.22756380354338854 0.28389153020949803 0.3448962860778706 0.3837141510811548 0.4048824264460219 0.45239328016138686 0.4578291201159425 0.5076967271385915
167 1670 0.04095708731257899 0.4971019170646436 0.15714301506853487 0.15714301506853487 0.2144122619223125 0.2279498643821114 0.28515310419191364 0.34155341015035007 0.3724244546118988 0.4137041567291058 0.4449959450792349 0.4555045701574037 0.4971019170646436
168 1680 0.037528779275903826 0.5004462417300739 0.1568062351808813 0.1568062351808813 0.2083962790954941 0.22165216580914401 0.287540107533773 0.3367197118356583 0.3688702214000806 0.4080974850501901 0.4407536628700979 0.4542716670649736 0.5004462417300739
169 1690 0.03714118122123476 0.5038579457979766 0.1553740022161238 0.1553740022161238 0.20410833131252104 0.22131847589857118 0.28530202231014407 0.3340086159444052 0.35772954717868033 0.4096418790674254 0.4374988815415149 0.44374209595366176 0.5038579457979766
170 1700 0.03299204027139039 0.502933373169169 0.15657594580069079 0.15657594580069079 0.19990463748864964 0.22003459276906837 0.28879306665799265 0.31959536601891164 0.3593423798344916 0.40559951337356775 0.43058290389215453 0.45416108185838916 0.502933373169169
171 1710 0.03150622621273818 0.5034046452271979 0.15261061027477194 0.15261061027477194 0.2014084312947867 0.22280523433038052 0.2810961014704969 0.31427054566488866 0.3543430952112827 0.39797357405515227 0.42875246038480147 0.4501195790337725 0.5034046452271979
172 1720 0.029583158202580073 0.49372416922638523 0.15108999480646373 0.15108999480646373 0.2055792081889083 0.22230079910631187 0.27723032820330534 0.31352271657296493 0.3463111562877586 0.37992269640892157 0.4273369199675701 0.45579833327090163 0.49372416922638523
173 1730 0.02838686971827323 0.49404653290605643 0.15190150414182318 0.15190150414182318 0.19540247645094475 0.2239886385567282 0.2756779678031269 0.3096486370636537 0.348258061092736 0.3771348206426367 0.42158561769039843 0.442440083257803 0.49404653290605643
174 1740 0.027534294825387523 0.48827478416864717 0.1545444420733319 0.1545444420733319 0.19028204808772303 0.22451662476266224 0.27131739413247524 0.30909762577889377 0.3478763249600364 0.3668106972250438 0.41797265082641005 0.43321501742634533 0.48827478416864717
175 1750 0.02570735977965938 0.4844791381802281 0.15536967194222176 0.15536967194222176 0.19094199626807423 0.22369041566083495 0.2685034675608881 0.2991614502804246 0.3406511622778461 0.3615366506207293 0.4147015903466345 0.4338533018382222 0.4844791381802281
176 1760 0.02459816175893352 0.48437140559310393 0.15403372617964672 0.15403372617964672 0.18490398623173154 0.2226146546818957 0.26826565021225235 0.2955614561924677 0.340105658009651 0.35791901718295477 0.4048185579715868 0.4259080651259632 0.48437140559310393
177 1770 0.022735934701333286 0.47804605877531064 0.1480175567864945 0.1480175567864945 0.18325905922188274 0.22423972858552027 0.27007772146467635 0.2948971719170717 0.3277254285299395 0.3578049259269932 0.4022880473328632 0.42088648189713096 0.47804605877531064
178 1780 0.020029401963175913 0.4621519365387325 0.14244536966652319 0.14244536966652319 0.1817294613991099 0.22712986700032597 0.2679149529715212 0.28832139846104965 0.33399099852343916 0.3590744223902361 0.39494226237440405 0.41792261935467817 0.4621519365387325
179 1790 0.017802561184093197 0.4520629182379309 0.1425740028887659 0.1425740028887659 0.1801289779637178 0.2223110568844331 0.26762224585630784 0.28995240727954885 0.33373599535057813 0.34287840404199915 0.3899676415855886 0.4160321355919577 0.4520629182379309
180 1800 0.016105567002234308 0.45014060820480645 0.1403949876787588 0.1403949876787588 0.17690521335148868 0.21383040857698069 0.2676032870981277 0.2840623236341 0.3274233250802752 0.3378648050744759 0.3883383174041303 0.41577808536560584 0.45014060820480645
181 1810 0.014943402305110818 0.4500137671710173 0.1400158310688114 0.1400158310688114 0.17574113385172307 0.21582739909100276 0.2674837732174402 0.2853598730259979 0.3177221069906019 0.3299036761202336 0.3726907849162522 0.41375674960643893 0.4500137671710173
182 1820 0.013873731011233202 0.43734750945166456 0.13820921841659378 0.13820921841659378 0.17377677107775055 0.2195880163444851 0.2773769622666412 0.28302986411494624 0.3127711532560092 0.32893996190869673 0.36512892669461344 0.40730491140017044 0.43734750945166456
183 1830 0.012653425862109748 0.44656571453443616 0.13636526829874338 0.13636526829874338 0.17224945857589277 0.21759973169250824 0.27293102214893683 0.28726889363335895 0.31166018667974316 0.3294520940051759 0.35693576762623425 0.39445568228455297 0.44656571453443616
184 1840 0.011529193132693209 0.4390908584674902 0.1316847564030065 0.1316847564030065 0.16766111353594182 0.21504266300797348 0.27099713551126164 0.29064765432808753 0.31065567753243756 0.3296739722324922 0.35474359278262085 0.3938497064061098 0.4390908584674902
185 1850 0.010294344594424748 0.43386313426440964 0.12965667804129077 0.12965667804129077 0.16511544712679221 0.2151267880852227 0.26685588476030875 0.2937778886348411 0.30022832674683725 0.3242425117520238 0.35386068518924196 0.38862441796819847 0.43386313426440964
186 1860 0.009284024344254226 0.4286626684449978 0.12754231375373495 0.12754231375373495 0.1646775355093222 0.20904495867888193 0.26616828378906104 0.29337065948380225 0.2966201267045569 0.3219789664938546 0.3516855180979507 0.37918027143311545 0.4286626684449978
187 1870 0.008668448871798103 0.42719016343750993 0.12727513450118338 0.12727513450118338 0.16184066573375647 0.20642161067089945 0.25885382712882316 0.2894753626985216 0.2990693742516868 0.3177766202523048 0.34961904896748647 0.36997808394510034 0.42719016343750993
188 1880 0.007922820643789349 0.4265030000805863 0.12073652107301851 0.12073652107301851 0.16269692567238045 0.2005695492646423 0.2582426983345191 0.28985614217387473 0.29940516609453544 0.3214219296449216 0.34736864964945036 0.3666562985359034 0.4265030000805863
189 1890 0.00738366823841433 0.4221570082746879 0.11999940548357278 0.11999940548357278 0.1598497058247776 0.19757480974985894 0.2570598342664611 0.2878126604231818 0.291656082646073 0.31582865448541597 0.35167666683197796 0.3552789841023217 0.4221570082746879
190 1900 0.006781380835299228 0.41709171077834883 0.11839976485559606 0.11839976485559606 0.1584476246628 0.19523747899239316 0.2563823485655205 0.28114830933264146 0.29081940191015876 0.31495587997534136 0.3428345562306259 0.3552671849910495 0.41709171077834883
191 1910 0.005933527018281976 0.41609656949807927 0.11334275088174016 0.11334275088174016 0.15357300389661802 0.19579184927112395 0.24895964052285358 0.2754370136449421 0.2931544348351492 0.313161944968316 0.34130227307885286 0.3569186097953722 0.41609656949807927
192 1920 0.005334639272831264 0.40660897988715244 0.11153522598427563 0.11153522598427563 0.14964366947649707 0.19198125928399176 0.2493994497069436 0.27232229870884217 0.2898803425374059 0.3095983992011537 0.33967733364442915 0.3590668224319498 0.40660897988715244
193 1930 0.005139718454606809 0.40709414863326604 0.1104535912598354 0.1104535912598354 0.149212719422436 0.1924336112269073 0.24698450424020446 0.26758523725959565 0.2866688524728717 0.3087028194526439 0.3378006933753199 0.3528036446748358 0.40709414863326604
194 1940 0.00515124239233462 0.39650160830736336 0.11102818994811771 0.11102818994811771 0.15123121517867125 0.19192865756556984 0.247996009757277 0.2622098859517486 0.27945174424419034 0.3071600042790671 0.3389653342042504 0.3519082668758444 0.39650160830736336
195 1950 0.005115229661317822 0.4033629825235709 0.1112335539799703 0.1112335539799703 0.15160159565685177 0.19225278217022748 0.2472460697049557 0.26187635292963196 0.27947264770659663 0.30153037449957876 0.33972123271413535 0.3443758780100998 0.4033629825235709
196 1960 0.0051062310804212635 0.3920948092869525 0.11358643493323883 0.11358643493323883 0.1493402651106688 0.1933317746867233 0.24635401026233053 0.26020713109068677 0.27088735671427977 0.29581432608992536 0.3367452954143448 0.34403909167017377 0.3920948092869525
197 1970 0.004772491646025463 0.39648394960186734 0.11447489827358487 0.11447489827358487 0.1445772373227889 0.19404298444116583 0.24052856329679445 0.25811041769817233 0.2666977738896924 0.2924350312144601 0.3343463172309768 0.3515219289261244 0.39648394960186734
198 1980 0.004285809924887992 0.3968979494340815 0.11241218827186411 0.11241218827186411 0.14099160952952475 0.18711503534777638 0.23784148472815791 0.2574132915503504 0.26733793209170326 0.2911465384790896 0.33372485579565503 0.3512559159108061 0.3968979494340815
199 1990 0.0040596990218224474 0.398243521047901 0.11177572308784799 0.11177572308784799 0.13757163642240602 0.18151427271733683 0.23431340847176685 0.2565097695375397 0.27010142459819936 0.29114910831369056 0.32477688309555347 0.3496396503222744 0.398243521047901
200 2000 0.0037203903830850386 0.3942292616429562 0.11289375610163316 0.11289375610163316 0.13817374317797604 0.17935901228559092 0.23598636768376496 0.25572290880437665 0.2663238173172132 0.2889946101074224 0.31215188558054985 0.3449577025474506 0.3942292616429562
201 2010 0.0033882601406256155 0.39477608727924707 0.11275726160879182 0.11275726160879182 0.13426525620200833 0.17990632545932803 0.22706587648732213 0.25032641367314257 0.26656533949373057 0.2859331010794701 0.3123217764496067 0.3427887506246141 0.39477608727924707
202 2020 0.003131287029888678 0.38884364320643977 0.11200180587844367 0.11200180587844367 0.12837351497487753 0.18066321317711978 0.22914357826373097 0.24913480835147528 0.26523021265550245 0.2773512963751664 0.3062703747165781 0.34224302101683807 0.38884364320643977
203 2030 0.0028462180438527346 0.38217023681383544 0.11232188505141662 0.11232188505141662 0.12791453353169963 0.18004456582095996 0.22838199648074298 0.24982164813218202 0.2625725498961106 0.27737113218482495 0.2975452166837549 0.3351413341652251 0.38217023681383544
204 2040 0.002859846301312144 0.3791596646655918 0.11073455086105441 0.11073455086105441 0.1240003245455608 0.17940309282795694 0.2214754089262416 0.24398928610870227 0.2581850319888347 0.28306324062397564 0.29342015002427835 0.33946764437260685 0.3791596646655918
205 2050 0.0025698033124273577 0.3764540187014397 0.10741115392560834 0.10741115392560834 0.12225843400003501 0.17642777427101913 0.22312494907627461 0.24439526931901756 0.26023909658660616 0.2858254400405965 0.2924147651257287 0.3424780275889556 0.3764540187014397
206 2060 0.0022792495982381293 0.36206541435635875 0.10650071254452956 0.10650071254452956 0.12118580776357255 0.17532144065889607 0.21776490546104446 0.24402646212543885 0.256988664076129 0.2805176638393398 0.2906506315812847 0.34038637516107806 0.36206541435635875
207 2070 0.0022153128446135034 0.359089868919708 0.10707566638001682 0.10707566638001682 0.11899101770928346 0.1712844713565836 0.21313686021139566 0.24231102744552746 0.2548876545657536 0.27996732354735054 0.2815523719231445 0.3392616703672571 0.359089868919708
208 2080 0.0019918799867652552 0.3479304522450602 0.1066803149251498 0.1066803149251498 0.11486913912499473 0.1750196296622957 0.21212350065882601 0.24128026381068754 0.2514326103121407 0.27908908906563434 0.2845755718134038 0.33770653378644444 0.3479304522450602
209 2090 0.0017701687779563423 0.34113260709960813 0.10307794208838826 0.10307794208838826 0.11355262657616041 0.17436601847551 0.2128864449011464 0.2412164443187168 0.2481979084326968 0.27217987374712427 0.28487082545397663 0.331613399004705 0.34113260709960813
210 2100 0.0015847367496754643 0.3392996339325905 0.1002120095740946 0.1002120095740946 0.11291655866335223 0.17295526535399808 0.21137507005161965 0.2360406768267728 0.24293786628238953 0.26423772108839505 0.28506639881048956 0.33014792497303797 0.3392996339325905
211 2110 0.0015825399465998744 0.33809977082524917 0.09645073622602783 0.09645073622602783 0.11159291969229326 0.17533018546571252 0.2032877836016585 0.23278349141985694 0.24211281480645624 0.26013230045862673 0.28003730583623737 0.327588696431627 0.33809977082524917
212 2120 0.0015352986847072183 0.33343371884635564 0.09746056668125873 0.09746056668125873 0.11058929776066087 0.17285254728658636 0.19958420736390264 0.23409476752670139 0.24255781453842432 0.2558019208908222 0.29306281904038034 0.3218583011721184 0.33343371884635564
213 2130 0.0014435428788988766 0.33006807688833406 0.09654238313902078 0.09654238313902078 0.10752210856107432 0.17268496817290943 0.19693771230092882 0.22512654119014705 0.24467259838745653 0.2570198789331588 0.2913032237632538 0.3262977454837403 0.33006807688833406
214 2140 0.001342640024304912 0.3259885702357327 0.0970127709748227 0.0970127709748227 0.10671773113742444 0.16732324510171662 0.19142176576344183 0.22719559643440373 0.24279238253969251 0.2531559122726928 0.2959701460807353 0.3202363344787552 0.3259885702357327
215 2150 0.001253794373960135 0.3219252793527715 0.09534854668620807 0.09534854668620807 0.10720320477634365 0.17053030745120001 0.18890023364919478 0.2239923014282956 0.2498316309085 0.252650192212968 0.29501260886805736 0.3156896220673437 0.3219252793527715
216 2160 0.0011711006807062232 0.3160458871368476 0.09380810595098951 0.09380810595098951 0.10899688143945525 0.16979867088370595 0.18575780101131573 0.22373583560826246 0.24802501783425718 0.2633069554938496 0.294082641694242 0.30636856919835165 0.3160458871368476
217 2170 0.001083101772765331 0.3113505605550001 0.0909676483645881 0.0909676483645881 0.10805308344181373 0.16918664045568924 0.1855502421599852 0.21978132544396936 0.23946188309586014 0.27037534094893195 0.2972517892251499 0.30557881982805746 0.3113505605550001
218 2180 0.000985587700960611 0.31739408842919076 0.08792125891044399 0.08792125891044399 0.11004269409308834 0.16669423752858156 0.18850933364099465 0.21352567242783266 0.23368127853804968 0.27029228492515067 0.29093347940733716 0.3088223302013543 0.31739408842919076
219 2190 0.0008995980813004502 0.316904945866698 0.08761055544103567 0.08761055544103567 0.10865899740344737 0.16534939719138592 0.18546717950282102 0.21166956625726 0.22891269962918834 0.26353973128043834 0.2886612442996639 0.3086874178368855 0.316904945866698
220 2200 0.0007965520251342246 0.31112669943507587 0.0822692376622649 0.0822692376622649 0.10866821931192548 0.16710087867014384 0.1866470160799029 0.2107872550667669 0.2277598780234229 0.26072369175441396 0.2837224965067661 0.3070402573556195 0.31112669943507587
221 2210 0.0007101870452732878 0.310380528369615 0.0810055210794668 0.0810055210794668 0.1076569330398169 0.16434981217705016 0.1840187958846014 0.20858945795243025 0.22430782252258022 0.25855522148279564 0.28358199999186573 0.3053283446365166 0.310380528369615
222 2220 0.0006587464597440899 0.3140876830579014 0.07785824848164002 0.07785824848164002 0.10599100051504046 0.16270719362795313 0.17946868117987358 0.2082050549243409 0.2182107676604419 0.25882187338929935 0.28026356716242173 0.29895670448930084 0.3140876830579014
223 2230 0.000649281753913943 0.31763443643377026 0.07379697581128641 0.07379697581128641 0.10625560356001838 0.1596064748020959 0.1783251654308198 0.20681167842189477 0.21446186299937486 0.259506176926729 0.27509608486757625 0.29628921011188825 0.31763443643377026
224 2240 0.000633354409489745 0.3341245504691631 0.07425443336162006 0.07425443336162006 0.10471064920984818 0.1558149469807659 0.17913861535834458 0.2047689218015645 0.21076761783782116 0.2577485189097214 0.2699891169033051 0.29066829707500685 0.3341245504691631
225 2250 0.0005877530613681553 0.337325113743862 0.07224428166244108 0.07224428166244108 0.10353601995308029 0.1549485773016887 0.17744214174196626 0.20561922490876927 0.21111609323917788 0.25559688032245353 0.26949751008587053 0.2879880427824979 0.337325113743862
226 2260 0.0005974819802968252 0.334417123606225 0.07223688035494807 0.07223688035494807 0.10170024624759351 0.15384848993093975 0.17749383640283672 0.19903166827451577 0.20701759771728673 0.25868296216361775 0.2703154298108184 0.28324478551770765 0.334417123606225
227 2270 0.0006137792277740587 0.3375390845112208 0.07476626090568993 0.07476626090568993 0.10051826148396661 0.15160890833768542 0.17774587884568455 0.19746146335628117 0.20187469227079308 0.25421728500069185 0.26260090284075904 0.29036194665172854 0.3375390845112208
228 2280 0.0005770284937119336 0.3329608810714749 0.07540605303149543 0.07540605303149543 0.10238094119547154 0.15124044892406618 0.17747869465562952 0.1952257787774163 0.19761002480770373 0.2534730827904477 0.2611562193888017 0.28858308363319013 0.3329608810714749
229 2290 0.0005614970249046412 0.3338949904418232 0.07200268758438219 0.07200268758438219 0.09912476497123823 0.1496208754554969 0.1768877082212012 0.19826210709697878 0.20024603820757023 0.24355624509222842 0.25710667468658044 0.29183176134308614 0.3338949904418232
230 2300 0.0005031246236712022 0.3261426394674484 0.07108694201903396 0.07108694201903396 0.09954018053493598 0.14905269132639798 0.1763789701834386 0.19594249793402072 0.20358233566451964 0.2387007047249416 0.26212451525464403 0.2843728168702159 0.3261426394674484
231 2310 0.00044580351640840165 0.31528137533285416 0.07015147656807144 0.07015147656807144 0.0988926494244418 0.1483017189525505 0.1688439538772074 0.19394096978784403 0.20293534370823982 0.23677137171753265 0.2578293955148077 0.2872889860465483 0.31528137533285416
232 2320 0.0004152419898672687 0.3096593080315203 0.06992073448356882 0.06992073448356882 0.09862788949613287 0.14461429834999448 0.1641881346086744 0.19394852315345262 0.20168639696744903 0.23094254145774404 0.2517111040662902 0.28831385358473083 0.3096593080315203
233 2330 0.00040479177180816983 0.30893337213289385 0.07003710178668264 0.07003710178668264 0.09789765621582876 0.135445589594163 0.16518241829081917 0.19238770739724426 0.2005472430144488 0.23244226511161978 0.24852376871260123 0.28541294560447433 0.30893337213289385
234 2340 0.00040002095820158113 0.3168532002350473 0.06817273762735657 0.06817273762735657 0.09801748712437375 0.1343395727784956 0.16597149955647486 0.1925824878721784 0.1983653039253111 0.22871305664928962 0.2417486862882091 0.2883967042103157 0.3168532002350473
235 2350 0.0003968326281303336 0.31700606224100075 0.06994041569297305 0.06994041569297305 0.09611415013406976 0.1340513687240569 0.16140593360291855 0.18926989123378046 0.19873147267489802 0.22250115647158872 0.24110731031777194 0.2847218179269013 0.31700606224100075
236 2360 0.0003835778277578381 0.31782144564711445 0.07162873734519569 0.07162873734519569 0.09648002864375417 0.1314269904445726 0.16111513435878771 0.18246347695670903 0.1957892375245217 0.21925752672634036 0.23688626785716585 0.2793130977953554 0.31782144564711445
237 2370 0.0003769381088744939 0.3052430179077275 0.07157403370425988 0.07157403370425988 0.0962443312646833 0.1333607024662878 0.16091186980418973 0.17762399950583677 0.19583291699678737 0.21562857933680515 0.23530384520201134 0.28804023462640826 0.3052430179077275
238 2380 0.0003649668661138468 0.30182345241945857 0.07008401145506778 0.07008401145506778 0.09895446925550999 0.13064618432471117 0.15997035417834393 0.1759805161757453 0.18767010304115245 0.215191690376305 0.2345470381679895 0.2877998751052037 0.30182345241945857
239 2390 0.0003379701848921136 0.2957232274520598 0.06844203558962128 0.06844203558962128 0.10085111345501803 0.13030369274882228 0.1584271894756825 0.1758216866874821 0.18126664961587774 0.21419094153819002 0.23360602664213376 0.28373606940241947 0.2957232274520598
240 2400 0.00030697448279312536 0.2926698089676035 0.06705409813258799 0.06705409813258799 0.10121942236779338 0.13015773677532758 0.1579826093639084 0.17705182843957978 0.1810785836650877 0.21333703040237254 0.2161913250737129 0.28249028016407457 0.2926698089676035
241 2410 0.00028589440738225664 0.28629916212791967 0.06501722927713743 0.06501722927713743 0.09822269895603553 0.127972479372982 0.15539005497507685 0.17588602395904862 0.1814412502960326 0.21316439892146957 0.21574759277203756 0.2810684882214781 0.28629916212791967
242 2420 0.00025757249096765343 0.2848005710033828 0.06563759915823797 0.06563759915823797 0.09846023586748036 0.12691868172976173 0.15424803039947416 0.1736598674326083 0.18044293459199115 0.2075722447351127 0.21157482163307845 0.2790180177016921 0.2848005710033828
243 2430 0.0002461984474428525 0.2821429289808837 0.06674989367321747 0.06674989367321747 0.09447090795608389 0.12531502749341472 0.15132085732208833 0.169149337726254 0.18245321372557136 0.20472457174179473 0.21269430481650603 0.27634596982619725 0.2821429289808837
244 2440 0.00022687339182485242 0.2793715066325277 0.06735018722548378 0.06735018722548378 0.09350460549928392 0.1274902377227318 0.1482654808110119 0.16424532870976805 0.18165562106540234 0.2033749997426027 0.2156950518922851 0.2773546498007944 0.2793715066325277
245 2450 0.00020841212614931256 0.28189232261089386 0.06811456938829476 0.06811456938829476 0.09311573717426992 0.12392690043752871 0.1467253160823728 0.16524661359046589 0.1808031418822089 0.20234019973594464 0.211862980266685 0.2682817637376803 0.28189232261089386
246 2460 0.0001912223840524013 0.2849954718393139 0.06850915189614257 0.06850915189614257 0.09315896409874591 0.11975885102212318 0.14638644872186826 0.16348051996476232 0.17444710424472656 0.20090964051338214 0.20917426341902184 0.2637570553730155 0.2849954718393139
247 2470 0.00016666943560970026 0.2835539171016933 0.06880540462830168 0.06880540462830168 0.09154197184718009 0.11814855156771722 0.14429383220686579 0.1578062171642132 0.17672023450036162 0.19961088839262386 0.20838341020622217 0.2583365644605342 0.2835539171016933
248 2480 0.00014231738797354 0.2867381045619474 0.0692191604325679 0.0692191604325679 0.08885902616091074 0.11806855138101195 0.14356408801296258 0.15653878827808296 0.1767759608292667 0.1990163441554386 0.20431218205309767 0.24971232487743042 0.2867381045619474
249 2490 0.00013282513614385678 0.28242571233964425 0.0688457113296456 0.0688457113296456 0.08792955381125205 0.11719575299061978 0.13588836785915476 0.15607626954278828 0.17934370393796822 0.19544435397019766 0.20123302041894642 0.24627728714501534 0.28242571233964425
