% # columns="iteration, evaluation, min max(neg(.)) min(pos(.)) max correlation, correlation matrix principal axes lengths  (sorted square roots of eigenvalues of correlation matrix)", seed=1118674, Thu May 19 18:52:27 2022
1 10 -0.073418443391354 -0.018372246198106176 0.009978637048135196 0.0647204265868664 0.9242734222232707 0.9675968869096865 0.9778635072815942 0.9848212316300338 0.996860503818981 1.0022751454556087 1.0132368381162316 1.027192905863462 1.0388020070775286 1.0602900127415205
2 20 -0.073418443391354 -0.018372246198106176 0.009978637048135196 0.0647204265868664 0.9242734222232707 0.9675968869096865 0.9778635072815942 0.9848212316300338 0.996860503818981 1.0022751454556087 1.0132368381162316 1.027192905863462 1.0388020070775286 1.0602900127415205
3 30 -0.073418443391354 -0.018372246198106176 0.009978637048135196 0.0647204265868664 0.9242734222232707 0.9675968869096865 0.9778635072815942 0.9848212316300338 0.996860503818981 1.0022751454556087 1.0132368381162316 1.027192905863462 1.0388020070775286 1.0602900127415205
4 40 -0.073418443391354 -0.018372246198106176 0.009978637048135196 0.0647204265868664 0.9242734222232707 0.9675968869096865 0.9778635072815942 0.9848212316300338 0.996860503818981 1.0022751454556087 1.0132368381162316 1.027192905863462 1.0388020070775286 1.0602900127415205
5 50 -0.073418443391354 -0.018372246198106176 0.009978637048135196 0.0647204265868664 0.9242734222232707 0.9675968869096865 0.9778635072815942 0.9848212316300338 0.996860503818981 1.0022751454556087 1.0132368381162316 1.027192905863462 1.0388020070775286 1.0602900127415205
6 60 -0.073418443391354 -0.018372246198106176 0.009978637048135196 0.0647204265868664 0.9242734222232707 0.9675968869096865 0.9778635072815942 0.9848212316300338 0.996860503818981 1.0022751454556087 1.0132368381162316 1.027192905863462 1.0388020070775286 1.0602900127415205
7 70 -0.073418443391354 -0.018372246198106176 0.009978637048135196 0.0647204265868664 0.9242734222232707 0.9675968869096865 0.9778635072815942 0.9848212316300338 0.996860503818981 1.0022751454556087 1.0132368381162316 1.027192905863462 1.0388020070775286 1.0602900127415205
8 80 -0.073418443391354 -0.018372246198106176 0.009978637048135196 0.0647204265868664 0.9242734222232707 0.9675968869096865 0.9778635072815942 0.9848212316300338 0.996860503818981 1.0022751454556087 1.0132368381162316 1.027192905863462 1.0388020070775286 1.0602900127415205
9 90 -0.073418443391354 -0.018372246198106176 0.009978637048135196 0.0647204265868664 0.9242734222232707 0.9675968869096865 0.9778635072815942 0.9848212316300338 0.996860503818981 1.0022751454556087 1.0132368381162316 1.027192905863462 1.0388020070775286 1.0602900127415205
10 100 -0.073418443391354 -0.018372246198106176 0.009978637048135196 0.0647204265868664 0.9242734222232707 0.9675968869096865 0.9778635072815942 0.9848212316300338 0.996860503818981 1.0022751454556087 1.0132368381162316 1.027192905863462 1.0388020070775286 1.0602900127415205
11 110 -0.17214386752382854 -0.05040135521059711 0.04955614665166082 0.28032358166474014 0.7170843541655437 0.8321983683783551 0.9163937458597309 0.9492211070767077 0.9580888425304734 1.029337897080815 1.0329391039956344 1.1102889835914205 1.1597873376414054 1.1958910788024883
12 120 -0.17214386752382854 -0.05040135521059711 0.04955614665166082 0.28032358166474014 0.7170843541655437 0.8321983683783551 0.9163937458597309 0.9492211070767077 0.9580888425304734 1.029337897080815 1.0329391039956344 1.1102889835914205 1.1597873376414054 1.1958910788024883
13 130 -0.17214386752382854 -0.05040135521059711 0.04955614665166082 0.28032358166474014 0.7170843541655437 0.8321983683783551 0.9163937458597309 0.9492211070767077 0.9580888425304734 1.029337897080815 1.0329391039956344 1.1102889835914205 1.1597873376414054 1.1958910788024883
14 140 -0.17214386752382854 -0.05040135521059711 0.04955614665166082 0.28032358166474014 0.7170843541655437 0.8321983683783551 0.9163937458597309 0.9492211070767077 0.9580888425304734 1.029337897080815 1.0329391039956344 1.1102889835914205 1.1597873376414054 1.1958910788024883
15 150 -0.17214386752382854 -0.05040135521059711 0.04955614665166082 0.28032358166474014 0.7170843541655437 0.8321983683783551 0.9163937458597309 0.9492211070767077 0.9580888425304734 1.029337897080815 1.0329391039956344 1.1102889835914205 1.1597873376414054 1.1958910788024883
16 160 -0.17214386752382854 -0.05040135521059711 0.04955614665166082 0.28032358166474014 0.7170843541655437 0.8321983683783551 0.9163937458597309 0.9492211070767077 0.9580888425304734 1.029337897080815 1.0329391039956344 1.1102889835914205 1.1597873376414054 1.1958910788024883
17 170 -0.17214386752382854 -0.05040135521059711 0.04955614665166082 0.28032358166474014 0.7170843541655437 0.8321983683783551 0.9163937458597309 0.9492211070767077 0.9580888425304734 1.029337897080815 1.0329391039956344 1.1102889835914205 1.1597873376414054 1.1958910788024883
18 180 -0.17214386752382854 -0.05040135521059711 0.04955614665166082 0.28032358166474014 0.7170843541655437 0.8321983683783551 0.9163937458597309 0.9492211070767077 0.9580888425304734 1.029337897080815 1.0329391039956344 1.1102889835914205 1.1597873376414054 1.1958910788024883
19 190 -0.17214386752382854 -0.05040135521059711 0.04955614665166082 0.28032358166474014 0.7170843541655437 0.8321983683783551 0.9163937458597309 0.9492211070767077 0.9580888425304734 1.029337897080815 1.0329391039956344 1.1102889835914205 1.1597873376414054 1.1958910788024883
20 200 -0.17214386752382854 -0.05040135521059711 0.04955614665166082 0.28032358166474014 0.7170843541655437 0.8321983683783551 0.9163937458597309 0.9492211070767077 0.9580888425304734 1.029337897080815 1.0329391039956344 1.1102889835914205 1.1597873376414054 1.1958910788024883
21 210 -0.31294279522700497 -0.060782302935425504 0.11756509618783115 0.28095200543111154 0.6185303192449066 0.7664151990410414 0.846574057259476 0.9118268500143822 0.9762649122794544 0.9895243847685822 1.0141426102121052 1.1567981555079099 1.2141818814319165 1.3071937933566802
22 220 -0.31294279522700497 -0.060782302935425504 0.11756509618783115 0.28095200543111154 0.6185303192449066 0.7664151990410414 0.846574057259476 0.9118268500143822 0.9762649122794544 0.9895243847685822 1.0141426102121052 1.1567981555079099 1.2141818814319165 1.3071937933566802
23 230 -0.31294279522700497 -0.060782302935425504 0.11756509618783115 0.28095200543111154 0.6185303192449066 0.7664151990410414 0.846574057259476 0.9118268500143822 0.9762649122794544 0.9895243847685822 1.0141426102121052 1.1567981555079099 1.2141818814319165 1.3071937933566802
24 240 -0.31294279522700497 -0.060782302935425504 0.11756509618783115 0.28095200543111154 0.6185303192449066 0.7664151990410414 0.846574057259476 0.9118268500143822 0.9762649122794544 0.9895243847685822 1.0141426102121052 1.1567981555079099 1.2141818814319165 1.3071937933566802
25 250 -0.31294279522700497 -0.060782302935425504 0.11756509618783115 0.28095200543111154 0.6185303192449066 0.7664151990410414 0.846574057259476 0.9118268500143822 0.9762649122794544 0.9895243847685822 1.0141426102121052 1.1567981555079099 1.2141818814319165 1.3071937933566802
26 260 -0.31294279522700497 -0.060782302935425504 0.11756509618783115 0.28095200543111154 0.6185303192449066 0.7664151990410414 0.846574057259476 0.9118268500143822 0.9762649122794544 0.9895243847685822 1.0141426102121052 1.1567981555079099 1.2141818814319165 1.3071937933566802
27 270 -0.31294279522700497 -0.060782302935425504 0.11756509618783115 0.28095200543111154 0.6185303192449066 0.7664151990410414 0.846574057259476 0.9118268500143822 0.9762649122794544 0.9895243847685822 1.0141426102121052 1.1567981555079099 1.2141818814319165 1.3071937933566802
28 280 -0.31294279522700497 -0.060782302935425504 0.11756509618783115 0.28095200543111154 0.6185303192449066 0.7664151990410414 0.846574057259476 0.9118268500143822 0.9762649122794544 0.9895243847685822 1.0141426102121052 1.1567981555079099 1.2141818814319165 1.3071937933566802
29 290 -0.31294279522700497 -0.060782302935425504 0.11756509618783115 0.28095200543111154 0.6185303192449066 0.7664151990410414 0.846574057259476 0.9118268500143822 0.9762649122794544 0.9895243847685822 1.0141426102121052 1.1567981555079099 1.2141818814319165 1.3071937933566802
30 300 -0.31294279522700497 -0.060782302935425504 0.11756509618783115 0.28095200543111154 0.6185303192449066 0.7664151990410414 0.846574057259476 0.9118268500143822 0.9762649122794544 0.9895243847685822 1.0141426102121052 1.1567981555079099 1.2141818814319165 1.3071937933566802
31 310 -0.20889538185010093 -0.06301967614759243 0.11625229241139774 0.3268548272973611 0.6680243236197062 0.7458136670785847 0.8263085446849436 0.8497530569226566 0.9502053223533424 0.9915343179209873 1.0453617584415826 1.161511664360072 1.2556193890141565 1.2992837825178751
32 320 -0.20889538185010093 -0.06301967614759243 0.11625229241139774 0.3268548272973611 0.6680243236197062 0.7458136670785847 0.8263085446849436 0.8497530569226566 0.9502053223533424 0.9915343179209873 1.0453617584415826 1.161511664360072 1.2556193890141565 1.2992837825178751
33 330 -0.20889538185010093 -0.06301967614759243 0.11625229241139774 0.3268548272973611 0.6680243236197062 0.7458136670785847 0.8263085446849436 0.8497530569226566 0.9502053223533424 0.9915343179209873 1.0453617584415826 1.161511664360072 1.2556193890141565 1.2992837825178751
34 340 -0.20889538185010093 -0.06301967614759243 0.11625229241139774 0.3268548272973611 0.6680243236197062 0.7458136670785847 0.8263085446849436 0.8497530569226566 0.9502053223533424 0.9915343179209873 1.0453617584415826 1.161511664360072 1.2556193890141565 1.2992837825178751
35 350 -0.20889538185010093 -0.06301967614759243 0.11625229241139774 0.3268548272973611 0.6680243236197062 0.7458136670785847 0.8263085446849436 0.8497530569226566 0.9502053223533424 0.9915343179209873 1.0453617584415826 1.161511664360072 1.2556193890141565 1.2992837825178751
36 360 -0.20889538185010093 -0.06301967614759243 0.11625229241139774 0.3268548272973611 0.6680243236197062 0.7458136670785847 0.8263085446849436 0.8497530569226566 0.9502053223533424 0.9915343179209873 1.0453617584415826 1.161511664360072 1.2556193890141565 1.2992837825178751
37 370 -0.20889538185010093 -0.06301967614759243 0.11625229241139774 0.3268548272973611 0.6680243236197062 0.7458136670785847 0.8263085446849436 0.8497530569226566 0.9502053223533424 0.9915343179209873 1.0453617584415826 1.161511664360072 1.2556193890141565 1.2992837825178751
38 380 -0.20889538185010093 -0.06301967614759243 0.11625229241139774 0.3268548272973611 0.6680243236197062 0.7458136670785847 0.8263085446849436 0.8497530569226566 0.9502053223533424 0.9915343179209873 1.0453617584415826 1.161511664360072 1.2556193890141565 1.2992837825178751
39 390 -0.20889538185010093 -0.06301967614759243 0.11625229241139774 0.3268548272973611 0.6680243236197062 0.7458136670785847 0.8263085446849436 0.8497530569226566 0.9502053223533424 0.9915343179209873 1.0453617584415826 1.161511664360072 1.2556193890141565 1.2992837825178751
40 400 -0.20889538185010093 -0.06301967614759243 0.11625229241139774 0.3268548272973611 0.6680243236197062 0.7458136670785847 0.8263085446849436 0.8497530569226566 0.9502053223533424 0.9915343179209873 1.0453617584415826 1.161511664360072 1.2556193890141565 1.2992837825178751
41 410 -0.23361640486629737 -0.09209070770985922 0.09171801673798362 0.28419045355034644 0.6553927771777225 0.7552114560136223 0.8314362809370001 0.8679152401798197 0.9331825406389846 0.9724915047829404 1.1110863182083237 1.1694965520727816 1.2257329135192465 1.2784080971276979
42 420 -0.23361640486629737 -0.09209070770985922 0.09171801673798362 0.28419045355034644 0.6553927771777225 0.7552114560136223 0.8314362809370001 0.8679152401798197 0.9331825406389846 0.9724915047829404 1.1110863182083237 1.1694965520727816 1.2257329135192465 1.2784080971276979
43 430 -0.23361640486629737 -0.09209070770985922 0.09171801673798362 0.28419045355034644 0.6553927771777225 0.7552114560136223 0.8314362809370001 0.8679152401798197 0.9331825406389846 0.9724915047829404 1.1110863182083237 1.1694965520727816 1.2257329135192465 1.2784080971276979
44 440 -0.23361640486629737 -0.09209070770985922 0.09171801673798362 0.28419045355034644 0.6553927771777225 0.7552114560136223 0.8314362809370001 0.8679152401798197 0.9331825406389846 0.9724915047829404 1.1110863182083237 1.1694965520727816 1.2257329135192465 1.2784080971276979
45 450 -0.23361640486629737 -0.09209070770985922 0.09171801673798362 0.28419045355034644 0.6553927771777225 0.7552114560136223 0.8314362809370001 0.8679152401798197 0.9331825406389846 0.9724915047829404 1.1110863182083237 1.1694965520727816 1.2257329135192465 1.2784080971276979
46 460 -0.23361640486629737 -0.09209070770985922 0.09171801673798362 0.28419045355034644 0.6553927771777225 0.7552114560136223 0.8314362809370001 0.8679152401798197 0.9331825406389846 0.9724915047829404 1.1110863182083237 1.1694965520727816 1.2257329135192465 1.2784080971276979
47 470 -0.23361640486629737 -0.09209070770985922 0.09171801673798362 0.28419045355034644 0.6553927771777225 0.7552114560136223 0.8314362809370001 0.8679152401798197 0.9331825406389846 0.9724915047829404 1.1110863182083237 1.1694965520727816 1.2257329135192465 1.2784080971276979
48 480 -0.23361640486629737 -0.09209070770985922 0.09171801673798362 0.28419045355034644 0.6553927771777225 0.7552114560136223 0.8314362809370001 0.8679152401798197 0.9331825406389846 0.9724915047829404 1.1110863182083237 1.1694965520727816 1.2257329135192465 1.2784080971276979
49 490 -0.23361640486629737 -0.09209070770985922 0.09171801673798362 0.28419045355034644 0.6553927771777225 0.7552114560136223 0.8314362809370001 0.8679152401798197 0.9331825406389846 0.9724915047829404 1.1110863182083237 1.1694965520727816 1.2257329135192465 1.2784080971276979
50 500 -0.23361640486629737 -0.09209070770985922 0.09171801673798362 0.28419045355034644 0.6553927771777225 0.7552114560136223 0.8314362809370001 0.8679152401798197 0.9331825406389846 0.9724915047829404 1.1110863182083237 1.1694965520727816 1.2257329135192465 1.2784080971276979
51 510 -0.30185276869007027 -0.1181072486528991 0.10452618298442894 0.24781828932090572 0.6334524576304917 0.7175045360214657 0.8041813363982353 0.8441440394679114 0.9625748311675875 1.0338934089117167 1.1178615156595662 1.1653728160943917 1.2410334822623343 1.257489675568355
52 520 -0.30185276869007027 -0.1181072486528991 0.10452618298442894 0.24781828932090572 0.6334524576304917 0.7175045360214657 0.8041813363982353 0.8441440394679114 0.9625748311675875 1.0338934089117167 1.1178615156595662 1.1653728160943917 1.2410334822623343 1.257489675568355
53 530 -0.30185276869007027 -0.1181072486528991 0.10452618298442894 0.24781828932090572 0.6334524576304917 0.7175045360214657 0.8041813363982353 0.8441440394679114 0.9625748311675875 1.0338934089117167 1.1178615156595662 1.1653728160943917 1.2410334822623343 1.257489675568355
54 540 -0.30185276869007027 -0.1181072486528991 0.10452618298442894 0.24781828932090572 0.6334524576304917 0.7175045360214657 0.8041813363982353 0.8441440394679114 0.9625748311675875 1.0338934089117167 1.1178615156595662 1.1653728160943917 1.2410334822623343 1.257489675568355
55 550 -0.30185276869007027 -0.1181072486528991 0.10452618298442894 0.24781828932090572 0.6334524576304917 0.7175045360214657 0.8041813363982353 0.8441440394679114 0.9625748311675875 1.0338934089117167 1.1178615156595662 1.1653728160943917 1.2410334822623343 1.257489675568355
56 560 -0.30185276869007027 -0.1181072486528991 0.10452618298442894 0.24781828932090572 0.6334524576304917 0.7175045360214657 0.8041813363982353 0.8441440394679114 0.9625748311675875 1.0338934089117167 1.1178615156595662 1.1653728160943917 1.2410334822623343 1.257489675568355
57 570 -0.30185276869007027 -0.1181072486528991 0.10452618298442894 0.24781828932090572 0.6334524576304917 0.7175045360214657 0.8041813363982353 0.8441440394679114 0.9625748311675875 1.0338934089117167 1.1178615156595662 1.1653728160943917 1.2410334822623343 1.257489675568355
58 580 -0.30185276869007027 -0.1181072486528991 0.10452618298442894 0.24781828932090572 0.6334524576304917 0.7175045360214657 0.8041813363982353 0.8441440394679114 0.9625748311675875 1.0338934089117167 1.1178615156595662 1.1653728160943917 1.2410334822623343 1.257489675568355
59 590 -0.30185276869007027 -0.1181072486528991 0.10452618298442894 0.24781828932090572 0.6334524576304917 0.7175045360214657 0.8041813363982353 0.8441440394679114 0.9625748311675875 1.0338934089117167 1.1178615156595662 1.1653728160943917 1.2410334822623343 1.257489675568355
60 600 -0.30185276869007027 -0.1181072486528991 0.10452618298442894 0.24781828932090572 0.6334524576304917 0.7175045360214657 0.8041813363982353 0.8441440394679114 0.9625748311675875 1.0338934089117167 1.1178615156595662 1.1653728160943917 1.2410334822623343 1.257489675568355
61 610 -0.2927796318322803 -0.13266516799969175 0.11829578027078064 0.27595423113802203 0.6493260019722646 0.7307819790213811 0.759132856150295 0.8184516834187086 0.9576573370298544 1.006062268384437 1.0994360511875627 1.1827863207110554 1.2250586932976009 1.3268032313619138
62 620 -0.2927796318322803 -0.13266516799969175 0.11829578027078064 0.27595423113802203 0.6493260019722646 0.7307819790213811 0.759132856150295 0.8184516834187086 0.9576573370298544 1.006062268384437 1.0994360511875627 1.1827863207110554 1.2250586932976009 1.3268032313619138
63 630 -0.2927796318322803 -0.13266516799969175 0.11829578027078064 0.27595423113802203 0.6493260019722646 0.7307819790213811 0.759132856150295 0.8184516834187086 0.9576573370298544 1.006062268384437 1.0994360511875627 1.1827863207110554 1.2250586932976009 1.3268032313619138
64 640 -0.2927796318322803 -0.13266516799969175 0.11829578027078064 0.27595423113802203 0.6493260019722646 0.7307819790213811 0.759132856150295 0.8184516834187086 0.9576573370298544 1.006062268384437 1.0994360511875627 1.1827863207110554 1.2250586932976009 1.3268032313619138
65 650 -0.2927796318322803 -0.13266516799969175 0.11829578027078064 0.27595423113802203 0.6493260019722646 0.7307819790213811 0.759132856150295 0.8184516834187086 0.9576573370298544 1.006062268384437 1.0994360511875627 1.1827863207110554 1.2250586932976009 1.3268032313619138
66 660 -0.2927796318322803 -0.13266516799969175 0.11829578027078064 0.27595423113802203 0.6493260019722646 0.7307819790213811 0.759132856150295 0.8184516834187086 0.9576573370298544 1.006062268384437 1.0994360511875627 1.1827863207110554 1.2250586932976009 1.3268032313619138
67 670 -0.2927796318322803 -0.13266516799969175 0.11829578027078064 0.27595423113802203 0.6493260019722646 0.7307819790213811 0.759132856150295 0.8184516834187086 0.9576573370298544 1.006062268384437 1.0994360511875627 1.1827863207110554 1.2250586932976009 1.3268032313619138
68 680 -0.2927796318322803 -0.13266516799969175 0.11829578027078064 0.27595423113802203 0.6493260019722646 0.7307819790213811 0.759132856150295 0.8184516834187086 0.9576573370298544 1.006062268384437 1.0994360511875627 1.1827863207110554 1.2250586932976009 1.3268032313619138
69 690 -0.2927796318322803 -0.13266516799969175 0.11829578027078064 0.27595423113802203 0.6493260019722646 0.7307819790213811 0.759132856150295 0.8184516834187086 0.9576573370298544 1.006062268384437 1.0994360511875627 1.1827863207110554 1.2250586932976009 1.3268032313619138
70 700 -0.2927796318322803 -0.13266516799969175 0.11829578027078064 0.27595423113802203 0.6493260019722646 0.7307819790213811 0.759132856150295 0.8184516834187086 0.9576573370298544 1.006062268384437 1.0994360511875627 1.1827863207110554 1.2250586932976009 1.3268032313619138
71 710 -0.2556449250546581 -0.09601276666323263 0.11073684608848525 0.3436631709656339 0.6468004882694988 0.6883586662412141 0.7674915466383598 0.8193136688333899 0.9449711107495997 1.0568702097575358 1.1045732097111833 1.1476391556159429 1.1731770258657925 1.38709997164165
72 720 -0.2556449250546581 -0.09601276666323263 0.11073684608848525 0.3436631709656339 0.6468004882694988 0.6883586662412141 0.7674915466383598 0.8193136688333899 0.9449711107495997 1.0568702097575358 1.1045732097111833 1.1476391556159429 1.1731770258657925 1.38709997164165
73 730 -0.2556449250546581 -0.09601276666323263 0.11073684608848525 0.3436631709656339 0.6468004882694988 0.6883586662412141 0.7674915466383598 0.8193136688333899 0.9449711107495997 1.0568702097575358 1.1045732097111833 1.1476391556159429 1.1731770258657925 1.38709997164165
74 740 -0.2556449250546581 -0.09601276666323263 0.11073684608848525 0.3436631709656339 0.6468004882694988 0.6883586662412141 0.7674915466383598 0.8193136688333899 0.9449711107495997 1.0568702097575358 1.1045732097111833 1.1476391556159429 1.1731770258657925 1.38709997164165
75 750 -0.2556449250546581 -0.09601276666323263 0.11073684608848525 0.3436631709656339 0.6468004882694988 0.6883586662412141 0.7674915466383598 0.8193136688333899 0.9449711107495997 1.0568702097575358 1.1045732097111833 1.1476391556159429 1.1731770258657925 1.38709997164165
76 760 -0.2556449250546581 -0.09601276666323263 0.11073684608848525 0.3436631709656339 0.6468004882694988 0.6883586662412141 0.7674915466383598 0.8193136688333899 0.9449711107495997 1.0568702097575358 1.1045732097111833 1.1476391556159429 1.1731770258657925 1.38709997164165
77 770 -0.2556449250546581 -0.09601276666323263 0.11073684608848525 0.3436631709656339 0.6468004882694988 0.6883586662412141 0.7674915466383598 0.8193136688333899 0.9449711107495997 1.0568702097575358 1.1045732097111833 1.1476391556159429 1.1731770258657925 1.38709997164165
78 780 -0.2556449250546581 -0.09601276666323263 0.11073684608848525 0.3436631709656339 0.6468004882694988 0.6883586662412141 0.7674915466383598 0.8193136688333899 0.9449711107495997 1.0568702097575358 1.1045732097111833 1.1476391556159429 1.1731770258657925 1.38709997164165
79 790 -0.2556449250546581 -0.09601276666323263 0.11073684608848525 0.3436631709656339 0.6468004882694988 0.6883586662412141 0.7674915466383598 0.8193136688333899 0.9449711107495997 1.0568702097575358 1.1045732097111833 1.1476391556159429 1.1731770258657925 1.38709997164165
80 800 -0.2556449250546581 -0.09601276666323263 0.11073684608848525 0.3436631709656339 0.6468004882694988 0.6883586662412141 0.7674915466383598 0.8193136688333899 0.9449711107495997 1.0568702097575358 1.1045732097111833 1.1476391556159429 1.1731770258657925 1.38709997164165
81 810 -0.2732370345203089 -0.08726704075507762 0.10273137937018068 0.352297875648294 0.6456446329586689 0.722803043142214 0.7914066792361151 0.8422519497265107 0.9422405057182943 1.00069607700839 1.0639832598733026 1.157094252106549 1.247792851306294 1.3445674380715928
82 820 -0.2732370345203089 -0.08726704075507762 0.10273137937018068 0.352297875648294 0.6456446329586689 0.722803043142214 0.7914066792361151 0.8422519497265107 0.9422405057182943 1.00069607700839 1.0639832598733026 1.157094252106549 1.247792851306294 1.3445674380715928
83 830 -0.2732370345203089 -0.08726704075507762 0.10273137937018068 0.352297875648294 0.6456446329586689 0.722803043142214 0.7914066792361151 0.8422519497265107 0.9422405057182943 1.00069607700839 1.0639832598733026 1.157094252106549 1.247792851306294 1.3445674380715928
84 840 -0.2732370345203089 -0.08726704075507762 0.10273137937018068 0.352297875648294 0.6456446329586689 0.722803043142214 0.7914066792361151 0.8422519497265107 0.9422405057182943 1.00069607700839 1.0639832598733026 1.157094252106549 1.247792851306294 1.3445674380715928
85 850 -0.2732370345203089 -0.08726704075507762 0.10273137937018068 0.352297875648294 0.6456446329586689 0.722803043142214 0.7914066792361151 0.8422519497265107 0.9422405057182943 1.00069607700839 1.0639832598733026 1.157094252106549 1.247792851306294 1.3445674380715928
86 860 -0.2732370345203089 -0.08726704075507762 0.10273137937018068 0.352297875648294 0.6456446329586689 0.722803043142214 0.7914066792361151 0.8422519497265107 0.9422405057182943 1.00069607700839 1.0639832598733026 1.157094252106549 1.247792851306294 1.3445674380715928
87 870 -0.2732370345203089 -0.08726704075507762 0.10273137937018068 0.352297875648294 0.6456446329586689 0.722803043142214 0.7914066792361151 0.8422519497265107 0.9422405057182943 1.00069607700839 1.0639832598733026 1.157094252106549 1.247792851306294 1.3445674380715928
88 880 -0.2732370345203089 -0.08726704075507762 0.10273137937018068 0.352297875648294 0.6456446329586689 0.722803043142214 0.7914066792361151 0.8422519497265107 0.9422405057182943 1.00069607700839 1.0639832598733026 1.157094252106549 1.247792851306294 1.3445674380715928
89 890 -0.2732370345203089 -0.08726704075507762 0.10273137937018068 0.352297875648294 0.6456446329586689 0.722803043142214 0.7914066792361151 0.8422519497265107 0.9422405057182943 1.00069607700839 1.0639832598733026 1.157094252106549 1.247792851306294 1.3445674380715928
90 900 -0.2732370345203089 -0.08726704075507762 0.10273137937018068 0.352297875648294 0.6456446329586689 0.722803043142214 0.7914066792361151 0.8422519497265107 0.9422405057182943 1.00069607700839 1.0639832598733026 1.157094252106549 1.247792851306294 1.3445674380715928
91 910 -0.37227098681490023 -0.07702068885359448 0.165392623006766 0.30489162547542925 0.653802644719187 0.6649755309930495 0.7622087325883651 0.8455583417978981 0.9057933900222469 1.0082729554212237 1.084285756549932 1.1619861669760685 1.241972865629029 1.3888695087801868
92 920 -0.37227098681490023 -0.07702068885359448 0.165392623006766 0.30489162547542925 0.653802644719187 0.6649755309930495 0.7622087325883651 0.8455583417978981 0.9057933900222469 1.0082729554212237 1.084285756549932 1.1619861669760685 1.241972865629029 1.3888695087801868
93 930 -0.37227098681490023 -0.07702068885359448 0.165392623006766 0.30489162547542925 0.653802644719187 0.6649755309930495 0.7622087325883651 0.8455583417978981 0.9057933900222469 1.0082729554212237 1.084285756549932 1.1619861669760685 1.241972865629029 1.3888695087801868
94 940 -0.37227098681490023 -0.07702068885359448 0.165392623006766 0.30489162547542925 0.653802644719187 0.6649755309930495 0.7622087325883651 0.8455583417978981 0.9057933900222469 1.0082729554212237 1.084285756549932 1.1619861669760685 1.241972865629029 1.3888695087801868
95 950 -0.37227098681490023 -0.07702068885359448 0.165392623006766 0.30489162547542925 0.653802644719187 0.6649755309930495 0.7622087325883651 0.8455583417978981 0.9057933900222469 1.0082729554212237 1.084285756549932 1.1619861669760685 1.241972865629029 1.3888695087801868
96 960 -0.37227098681490023 -0.07702068885359448 0.165392623006766 0.30489162547542925 0.653802644719187 0.6649755309930495 0.7622087325883651 0.8455583417978981 0.9057933900222469 1.0082729554212237 1.084285756549932 1.1619861669760685 1.241972865629029 1.3888695087801868
97 970 -0.37227098681490023 -0.07702068885359448 0.165392623006766 0.30489162547542925 0.653802644719187 0.6649755309930495 0.7622087325883651 0.8455583417978981 0.9057933900222469 1.0082729554212237 1.084285756549932 1.1619861669760685 1.241972865629029 1.3888695087801868
98 980 -0.37227098681490023 -0.07702068885359448 0.165392623006766 0.30489162547542925 0.653802644719187 0.6649755309930495 0.7622087325883651 0.8455583417978981 0.9057933900222469 1.0082729554212237 1.084285756549932 1.1619861669760685 1.241972865629029 1.3888695087801868
99 990 -0.37227098681490023 -0.07702068885359448 0.165392623006766 0.30489162547542925 0.653802644719187 0.6649755309930495 0.7622087325883651 0.8455583417978981 0.9057933900222469 1.0082729554212237 1.084285756549932 1.1619861669760685 1.241972865629029 1.3888695087801868
100 1000 -0.37227098681490023 -0.07702068885359448 0.165392623006766 0.30489162547542925 0.653802644719187 0.6649755309930495 0.7622087325883651 0.8455583417978981 0.9057933900222469 1.0082729554212237 1.084285756549932 1.1619861669760685 1.241972865629029 1.3888695087801868
101 1010 -0.37584800262147455 -0.09466219236502402 0.12854553263831914 0.3428334714309742 0.6330432141399159 0.6936967325741379 0.7605124494070546 0.8168000124410475 0.9393649210870373 0.9480063773846082 1.071837631792518 1.1780115690258455 1.226929393295439 1.4315984904546988
102 1020 -0.37584800262147455 -0.09466219236502402 0.12854553263831914 0.3428334714309742 0.6330432141399159 0.6936967325741379 0.7605124494070546 0.8168000124410475 0.9393649210870373 0.9480063773846082 1.071837631792518 1.1780115690258455 1.226929393295439 1.4315984904546988
103 1030 -0.37584800262147455 -0.09466219236502402 0.12854553263831914 0.3428334714309742 0.6330432141399159 0.6936967325741379 0.7605124494070546 0.8168000124410475 0.9393649210870373 0.9480063773846082 1.071837631792518 1.1780115690258455 1.226929393295439 1.4315984904546988
104 1040 -0.37584800262147455 -0.09466219236502402 0.12854553263831914 0.3428334714309742 0.6330432141399159 0.6936967325741379 0.7605124494070546 0.8168000124410475 0.9393649210870373 0.9480063773846082 1.071837631792518 1.1780115690258455 1.226929393295439 1.4315984904546988
105 1050 -0.37584800262147455 -0.09466219236502402 0.12854553263831914 0.3428334714309742 0.6330432141399159 0.6936967325741379 0.7605124494070546 0.8168000124410475 0.9393649210870373 0.9480063773846082 1.071837631792518 1.1780115690258455 1.226929393295439 1.4315984904546988
106 1060 -0.37584800262147455 -0.09466219236502402 0.12854553263831914 0.3428334714309742 0.6330432141399159 0.6936967325741379 0.7605124494070546 0.8168000124410475 0.9393649210870373 0.9480063773846082 1.071837631792518 1.1780115690258455 1.226929393295439 1.4315984904546988
107 1070 -0.37584800262147455 -0.09466219236502402 0.12854553263831914 0.3428334714309742 0.6330432141399159 0.6936967325741379 0.7605124494070546 0.8168000124410475 0.9393649210870373 0.9480063773846082 1.071837631792518 1.1780115690258455 1.226929393295439 1.4315984904546988
108 1080 -0.37584800262147455 -0.09466219236502402 0.12854553263831914 0.3428334714309742 0.6330432141399159 0.6936967325741379 0.7605124494070546 0.8168000124410475 0.9393649210870373 0.9480063773846082 1.071837631792518 1.1780115690258455 1.226929393295439 1.4315984904546988
109 1090 -0.37584800262147455 -0.09466219236502402 0.12854553263831914 0.3428334714309742 0.6330432141399159 0.6936967325741379 0.7605124494070546 0.8168000124410475 0.9393649210870373 0.9480063773846082 1.071837631792518 1.1780115690258455 1.226929393295439 1.4315984904546988
110 1100 -0.37584800262147455 -0.09466219236502402 0.12854553263831914 0.3428334714309742 0.6330432141399159 0.6936967325741379 0.7605124494070546 0.8168000124410475 0.9393649210870373 0.9480063773846082 1.071837631792518 1.1780115690258455 1.226929393295439 1.4315984904546988
111 1110 -0.3707482629497512 -0.08081956164900343 0.11235980947237027 0.3620275509381434 0.6164685610554881 0.7162759837098052 0.7686363903958171 0.8582513275891396 0.9290139309499467 1.0435237123652985 1.084464860665367 1.1613299757680233 1.1892207762871898 1.3742314080551896
112 1120 -0.3707482629497512 -0.08081956164900343 0.11235980947237027 0.3620275509381434 0.6164685610554881 0.7162759837098052 0.7686363903958171 0.8582513275891396 0.9290139309499467 1.0435237123652985 1.084464860665367 1.1613299757680233 1.1892207762871898 1.3742314080551896
113 1130 -0.3707482629497512 -0.08081956164900343 0.11235980947237027 0.3620275509381434 0.6164685610554881 0.7162759837098052 0.7686363903958171 0.8582513275891396 0.9290139309499467 1.0435237123652985 1.084464860665367 1.1613299757680233 1.1892207762871898 1.3742314080551896
114 1140 -0.3707482629497512 -0.08081956164900343 0.11235980947237027 0.3620275509381434 0.6164685610554881 0.7162759837098052 0.7686363903958171 0.8582513275891396 0.9290139309499467 1.0435237123652985 1.084464860665367 1.1613299757680233 1.1892207762871898 1.3742314080551896
115 1150 -0.3707482629497512 -0.08081956164900343 0.11235980947237027 0.3620275509381434 0.6164685610554881 0.7162759837098052 0.7686363903958171 0.8582513275891396 0.9290139309499467 1.0435237123652985 1.084464860665367 1.1613299757680233 1.1892207762871898 1.3742314080551896
116 1160 -0.3707482629497512 -0.08081956164900343 0.11235980947237027 0.3620275509381434 0.6164685610554881 0.7162759837098052 0.7686363903958171 0.8582513275891396 0.9290139309499467 1.0435237123652985 1.084464860665367 1.1613299757680233 1.1892207762871898 1.3742314080551896
117 1170 -0.3707482629497512 -0.08081956164900343 0.11235980947237027 0.3620275509381434 0.6164685610554881 0.7162759837098052 0.7686363903958171 0.8582513275891396 0.9290139309499467 1.0435237123652985 1.084464860665367 1.1613299757680233 1.1892207762871898 1.3742314080551896
118 1180 -0.3707482629497512 -0.08081956164900343 0.11235980947237027 0.3620275509381434 0.6164685610554881 0.7162759837098052 0.7686363903958171 0.8582513275891396 0.9290139309499467 1.0435237123652985 1.084464860665367 1.1613299757680233 1.1892207762871898 1.3742314080551896
119 1190 -0.3707482629497512 -0.08081956164900343 0.11235980947237027 0.3620275509381434 0.6164685610554881 0.7162759837098052 0.7686363903958171 0.8582513275891396 0.9290139309499467 1.0435237123652985 1.084464860665367 1.1613299757680233 1.1892207762871898 1.3742314080551896
120 1200 -0.3707482629497512 -0.08081956164900343 0.11235980947237027 0.3620275509381434 0.6164685610554881 0.7162759837098052 0.7686363903958171 0.8582513275891396 0.9290139309499467 1.0435237123652985 1.084464860665367 1.1613299757680233 1.1892207762871898 1.3742314080551896
121 1210 -0.3863862653545417 -0.07084838072224547 0.08409630166776369 0.3027723295420297 0.6525338314328203 0.767414348429565 0.8048117270229628 0.8385938866794416 0.956401602462459 1.0027193710109739 1.0688022758771019 1.1551440738099132 1.215711808789595 1.3264658659491046
122 1220 -0.3863862653545417 -0.07084838072224547 0.08409630166776369 0.3027723295420297 0.6525338314328203 0.767414348429565 0.8048117270229628 0.8385938866794416 0.956401602462459 1.0027193710109739 1.0688022758771019 1.1551440738099132 1.215711808789595 1.3264658659491046
123 1230 -0.3863862653545417 -0.07084838072224547 0.08409630166776369 0.3027723295420297 0.6525338314328203 0.767414348429565 0.8048117270229628 0.8385938866794416 0.956401602462459 1.0027193710109739 1.0688022758771019 1.1551440738099132 1.215711808789595 1.3264658659491046
124 1240 -0.3863862653545417 -0.07084838072224547 0.08409630166776369 0.3027723295420297 0.6525338314328203 0.767414348429565 0.8048117270229628 0.8385938866794416 0.956401602462459 1.0027193710109739 1.0688022758771019 1.1551440738099132 1.215711808789595 1.3264658659491046
125 1250 -0.3863862653545417 -0.07084838072224547 0.08409630166776369 0.3027723295420297 0.6525338314328203 0.767414348429565 0.8048117270229628 0.8385938866794416 0.956401602462459 1.0027193710109739 1.0688022758771019 1.1551440738099132 1.215711808789595 1.3264658659491046
126 1260 -0.3863862653545417 -0.07084838072224547 0.08409630166776369 0.3027723295420297 0.6525338314328203 0.767414348429565 0.8048117270229628 0.8385938866794416 0.956401602462459 1.0027193710109739 1.0688022758771019 1.1551440738099132 1.215711808789595 1.3264658659491046
127 1270 -0.3863862653545417 -0.07084838072224547 0.08409630166776369 0.3027723295420297 0.6525338314328203 0.767414348429565 0.8048117270229628 0.8385938866794416 0.956401602462459 1.0027193710109739 1.0688022758771019 1.1551440738099132 1.215711808789595 1.3264658659491046
128 1280 -0.3863862653545417 -0.07084838072224547 0.08409630166776369 0.3027723295420297 0.6525338314328203 0.767414348429565 0.8048117270229628 0.8385938866794416 0.956401602462459 1.0027193710109739 1.0688022758771019 1.1551440738099132 1.215711808789595 1.3264658659491046
129 1290 -0.3863862653545417 -0.07084838072224547 0.08409630166776369 0.3027723295420297 0.6525338314328203 0.767414348429565 0.8048117270229628 0.8385938866794416 0.956401602462459 1.0027193710109739 1.0688022758771019 1.1551440738099132 1.215711808789595 1.3264658659491046
130 1300 -0.3863862653545417 -0.07084838072224547 0.08409630166776369 0.3027723295420297 0.6525338314328203 0.767414348429565 0.8048117270229628 0.8385938866794416 0.956401602462459 1.0027193710109739 1.0688022758771019 1.1551440738099132 1.215711808789595 1.3264658659491046
131 1310 -0.35512441500093406 -0.09259797745112988 0.05475408858922728 0.30776597863215976 0.6495177543840096 0.7821645554649618 0.839774333216132 0.8983229827237798 0.946394160864046 0.9733454013920758 1.0161505177365808 1.1608649242020337 1.2560543227047765 1.2857819785029545
132 1320 -0.35512441500093406 -0.09259797745112988 0.05475408858922728 0.30776597863215976 0.6495177543840096 0.7821645554649618 0.839774333216132 0.8983229827237798 0.946394160864046 0.9733454013920758 1.0161505177365808 1.1608649242020337 1.2560543227047765 1.2857819785029545
133 1330 -0.35512441500093406 -0.09259797745112988 0.05475408858922728 0.30776597863215976 0.6495177543840096 0.7821645554649618 0.839774333216132 0.8983229827237798 0.946394160864046 0.9733454013920758 1.0161505177365808 1.1608649242020337 1.2560543227047765 1.2857819785029545
134 1340 -0.35512441500093406 -0.09259797745112988 0.05475408858922728 0.30776597863215976 0.6495177543840096 0.7821645554649618 0.839774333216132 0.8983229827237798 0.946394160864046 0.9733454013920758 1.0161505177365808 1.1608649242020337 1.2560543227047765 1.2857819785029545
135 1350 -0.35512441500093406 -0.09259797745112988 0.05475408858922728 0.30776597863215976 0.6495177543840096 0.7821645554649618 0.839774333216132 0.8983229827237798 0.946394160864046 0.9733454013920758 1.0161505177365808 1.1608649242020337 1.2560543227047765 1.2857819785029545
136 1360 -0.35512441500093406 -0.09259797745112988 0.05475408858922728 0.30776597863215976 0.6495177543840096 0.7821645554649618 0.839774333216132 0.8983229827237798 0.946394160864046 0.9733454013920758 1.0161505177365808 1.1608649242020337 1.2560543227047765 1.2857819785029545
137 1370 -0.35512441500093406 -0.09259797745112988 0.05475408858922728 0.30776597863215976 0.6495177543840096 0.7821645554649618 0.839774333216132 0.8983229827237798 0.946394160864046 0.9733454013920758 1.0161505177365808 1.1608649242020337 1.2560543227047765 1.2857819785029545
138 1380 -0.35512441500093406 -0.09259797745112988 0.05475408858922728 0.30776597863215976 0.6495177543840096 0.7821645554649618 0.839774333216132 0.8983229827237798 0.946394160864046 0.9733454013920758 1.0161505177365808 1.1608649242020337 1.2560543227047765 1.2857819785029545
139 1390 -0.35512441500093406 -0.09259797745112988 0.05475408858922728 0.30776597863215976 0.6495177543840096 0.7821645554649618 0.839774333216132 0.8983229827237798 0.946394160864046 0.9733454013920758 1.0161505177365808 1.1608649242020337 1.2560543227047765 1.2857819785029545
140 1400 -0.35512441500093406 -0.09259797745112988 0.05475408858922728 0.30776597863215976 0.6495177543840096 0.7821645554649618 0.839774333216132 0.8983229827237798 0.946394160864046 0.9733454013920758 1.0161505177365808 1.1608649242020337 1.2560543227047765 1.2857819785029545
141 1410 -0.35401944243362554 -0.0784366969208973 0.08719911983485704 0.34221729270974555 0.6570932765288985 0.7560113165265887 0.8251391157852493 0.8576282140544746 0.9211339402019304 0.9885441366397135 1.0403254072933266 1.1480256064574879 1.229831847697611 1.3571518837819883
142 1420 -0.35401944243362554 -0.0784366969208973 0.08719911983485704 0.34221729270974555 0.6570932765288985 0.7560113165265887 0.8251391157852493 0.8576282140544746 0.9211339402019304 0.9885441366397135 1.0403254072933266 1.1480256064574879 1.229831847697611 1.3571518837819883
143 1430 -0.35401944243362554 -0.0784366969208973 0.08719911983485704 0.34221729270974555 0.6570932765288985 0.7560113165265887 0.8251391157852493 0.8576282140544746 0.9211339402019304 0.9885441366397135 1.0403254072933266 1.1480256064574879 1.229831847697611 1.3571518837819883
144 1440 -0.35401944243362554 -0.0784366969208973 0.08719911983485704 0.34221729270974555 0.6570932765288985 0.7560113165265887 0.8251391157852493 0.8576282140544746 0.9211339402019304 0.9885441366397135 1.0403254072933266 1.1480256064574879 1.229831847697611 1.3571518837819883
145 1450 -0.35401944243362554 -0.0784366969208973 0.08719911983485704 0.34221729270974555 0.6570932765288985 0.7560113165265887 0.8251391157852493 0.8576282140544746 0.9211339402019304 0.9885441366397135 1.0403254072933266 1.1480256064574879 1.229831847697611 1.3571518837819883
146 1460 -0.35401944243362554 -0.0784366969208973 0.08719911983485704 0.34221729270974555 0.6570932765288985 0.7560113165265887 0.8251391157852493 0.8576282140544746 0.9211339402019304 0.9885441366397135 1.0403254072933266 1.1480256064574879 1.229831847697611 1.3571518837819883
147 1470 -0.35401944243362554 -0.0784366969208973 0.08719911983485704 0.34221729270974555 0.6570932765288985 0.7560113165265887 0.8251391157852493 0.8576282140544746 0.9211339402019304 0.9885441366397135 1.0403254072933266 1.1480256064574879 1.229831847697611 1.3571518837819883
148 1480 -0.35401944243362554 -0.0784366969208973 0.08719911983485704 0.34221729270974555 0.6570932765288985 0.7560113165265887 0.8251391157852493 0.8576282140544746 0.9211339402019304 0.9885441366397135 1.0403254072933266 1.1480256064574879 1.229831847697611 1.3571518837819883
149 1490 -0.35401944243362554 -0.0784366969208973 0.08719911983485704 0.34221729270974555 0.6570932765288985 0.7560113165265887 0.8251391157852493 0.8576282140544746 0.9211339402019304 0.9885441366397135 1.0403254072933266 1.1480256064574879 1.229831847697611 1.3571518837819883
150 1500 -0.35401944243362554 -0.0784366969208973 0.08719911983485704 0.34221729270974555 0.6570932765288985 0.7560113165265887 0.8251391157852493 0.8576282140544746 0.9211339402019304 0.9885441366397135 1.0403254072933266 1.1480256064574879 1.229831847697611 1.3571518837819883
151 1510 -0.34331249157471844 -0.08043308368811392 0.07885045223027275 0.2637490065525649 0.6605858620228843 0.7596935060437024 0.8083408782025802 0.8788157399281359 0.9319240325510741 0.9672660385928006 1.0891944966457783 1.1824351840091103 1.1913053288627447 1.3239969868952155
152 1520 -0.34331249157471844 -0.08043308368811392 0.07885045223027275 0.2637490065525649 0.6605858620228843 0.7596935060437024 0.8083408782025802 0.8788157399281359 0.9319240325510741 0.9672660385928006 1.0891944966457783 1.1824351840091103 1.1913053288627447 1.3239969868952155
153 1530 -0.34331249157471844 -0.08043308368811392 0.07885045223027275 0.2637490065525649 0.6605858620228843 0.7596935060437024 0.8083408782025802 0.8788157399281359 0.9319240325510741 0.9672660385928006 1.0891944966457783 1.1824351840091103 1.1913053288627447 1.3239969868952155
154 1540 -0.34331249157471844 -0.08043308368811392 0.07885045223027275 0.2637490065525649 0.6605858620228843 0.7596935060437024 0.8083408782025802 0.8788157399281359 0.9319240325510741 0.9672660385928006 1.0891944966457783 1.1824351840091103 1.1913053288627447 1.3239969868952155
155 1550 -0.34331249157471844 -0.08043308368811392 0.07885045223027275 0.2637490065525649 0.6605858620228843 0.7596935060437024 0.8083408782025802 0.8788157399281359 0.9319240325510741 0.9672660385928006 1.0891944966457783 1.1824351840091103 1.1913053288627447 1.3239969868952155
156 1560 -0.34331249157471844 -0.08043308368811392 0.07885045223027275 0.2637490065525649 0.6605858620228843 0.7596935060437024 0.8083408782025802 0.8788157399281359 0.9319240325510741 0.9672660385928006 1.0891944966457783 1.1824351840091103 1.1913053288627447 1.3239969868952155
157 1570 -0.34331249157471844 -0.08043308368811392 0.07885045223027275 0.2637490065525649 0.6605858620228843 0.7596935060437024 0.8083408782025802 0.8788157399281359 0.9319240325510741 0.9672660385928006 1.0891944966457783 1.1824351840091103 1.1913053288627447 1.3239969868952155
158 1580 -0.34331249157471844 -0.08043308368811392 0.07885045223027275 0.2637490065525649 0.6605858620228843 0.7596935060437024 0.8083408782025802 0.8788157399281359 0.9319240325510741 0.9672660385928006 1.0891944966457783 1.1824351840091103 1.1913053288627447 1.3239969868952155
159 1590 -0.34331249157471844 -0.08043308368811392 0.07885045223027275 0.2637490065525649 0.6605858620228843 0.7596935060437024 0.8083408782025802 0.8788157399281359 0.9319240325510741 0.9672660385928006 1.0891944966457783 1.1824351840091103 1.1913053288627447 1.3239969868952155
160 1600 -0.34331249157471844 -0.08043308368811392 0.07885045223027275 0.2637490065525649 0.6605858620228843 0.7596935060437024 0.8083408782025802 0.8788157399281359 0.9319240325510741 0.9672660385928006 1.0891944966457783 1.1824351840091103 1.1913053288627447 1.3239969868952155
161 1610 -0.3031044490811736 -0.11438047794214959 0.0760712338317019 0.2547490855732384 0.6731418796662407 0.7742554770923095 0.790269741938678 0.8762947187115268 0.9365406885405781 1.0021972805568935 1.0926988789565624 1.1462874647900365 1.1891730506374583 1.3233984963527166
162 1620 -0.3031044490811736 -0.11438047794214959 0.0760712338317019 0.2547490855732384 0.6731418796662407 0.7742554770923095 0.790269741938678 0.8762947187115268 0.9365406885405781 1.0021972805568935 1.0926988789565624 1.1462874647900365 1.1891730506374583 1.3233984963527166
163 1630 -0.3031044490811736 -0.11438047794214959 0.0760712338317019 0.2547490855732384 0.6731418796662407 0.7742554770923095 0.790269741938678 0.8762947187115268 0.9365406885405781 1.0021972805568935 1.0926988789565624 1.1462874647900365 1.1891730506374583 1.3233984963527166
164 1640 -0.3031044490811736 -0.11438047794214959 0.0760712338317019 0.2547490855732384 0.6731418796662407 0.7742554770923095 0.790269741938678 0.8762947187115268 0.9365406885405781 1.0021972805568935 1.0926988789565624 1.1462874647900365 1.1891730506374583 1.3233984963527166
165 1650 -0.3031044490811736 -0.11438047794214959 0.0760712338317019 0.2547490855732384 0.6731418796662407 0.7742554770923095 0.790269741938678 0.8762947187115268 0.9365406885405781 1.0021972805568935 1.0926988789565624 1.1462874647900365 1.1891730506374583 1.3233984963527166
166 1660 -0.3031044490811736 -0.11438047794214959 0.0760712338317019 0.2547490855732384 0.6731418796662407 0.7742554770923095 0.790269741938678 0.8762947187115268 0.9365406885405781 1.0021972805568935 1.0926988789565624 1.1462874647900365 1.1891730506374583 1.3233984963527166
167 1670 -0.3031044490811736 -0.11438047794214959 0.0760712338317019 0.2547490855732384 0.6731418796662407 0.7742554770923095 0.790269741938678 0.8762947187115268 0.9365406885405781 1.0021972805568935 1.0926988789565624 1.1462874647900365 1.1891730506374583 1.3233984963527166
168 1680 -0.3031044490811736 -0.11438047794214959 0.0760712338317019 0.2547490855732384 0.6731418796662407 0.7742554770923095 0.790269741938678 0.8762947187115268 0.9365406885405781 1.0021972805568935 1.0926988789565624 1.1462874647900365 1.1891730506374583 1.3233984963527166
169 1690 -0.3031044490811736 -0.11438047794214959 0.0760712338317019 0.2547490855732384 0.6731418796662407 0.7742554770923095 0.790269741938678 0.8762947187115268 0.9365406885405781 1.0021972805568935 1.0926988789565624 1.1462874647900365 1.1891730506374583 1.3233984963527166
170 1700 -0.3031044490811736 -0.11438047794214959 0.0760712338317019 0.2547490855732384 0.6731418796662407 0.7742554770923095 0.790269741938678 0.8762947187115268 0.9365406885405781 1.0021972805568935 1.0926988789565624 1.1462874647900365 1.1891730506374583 1.3233984963527166
171 1710 -0.24794140892615774 -0.0752118529494465 0.07646839628961109 0.2710813876070356 0.7050662094915408 0.7831069135593282 0.8580564708084907 0.8824438233115257 0.9365361942495561 1.0126628905344819 1.0589117867203908 1.1096149158713478 1.209724961919481 1.2868943638450272
172 1720 -0.24794140892615774 -0.0752118529494465 0.07646839628961109 0.2710813876070356 0.7050662094915408 0.7831069135593282 0.8580564708084907 0.8824438233115257 0.9365361942495561 1.0126628905344819 1.0589117867203908 1.1096149158713478 1.209724961919481 1.2868943638450272
173 1730 -0.24794140892615774 -0.0752118529494465 0.07646839628961109 0.2710813876070356 0.7050662094915408 0.7831069135593282 0.8580564708084907 0.8824438233115257 0.9365361942495561 1.0126628905344819 1.0589117867203908 1.1096149158713478 1.209724961919481 1.2868943638450272
174 1740 -0.24794140892615774 -0.0752118529494465 0.07646839628961109 0.2710813876070356 0.7050662094915408 0.7831069135593282 0.8580564708084907 0.8824438233115257 0.9365361942495561 1.0126628905344819 1.0589117867203908 1.1096149158713478 1.209724961919481 1.2868943638450272
175 1750 -0.24794140892615774 -0.0752118529494465 0.07646839628961109 0.2710813876070356 0.7050662094915408 0.7831069135593282 0.8580564708084907 0.8824438233115257 0.9365361942495561 1.0126628905344819 1.0589117867203908 1.1096149158713478 1.209724961919481 1.2868943638450272
176 1760 -0.24794140892615774 -0.0752118529494465 0.07646839628961109 0.2710813876070356 0.7050662094915408 0.7831069135593282 0.8580564708084907 0.8824438233115257 0.9365361942495561 1.0126628905344819 1.0589117867203908 1.1096149158713478 1.209724961919481 1.2868943638450272
177 1770 -0.24794140892615774 -0.0752118529494465 0.07646839628961109 0.2710813876070356 0.7050662094915408 0.7831069135593282 0.8580564708084907 0.8824438233115257 0.9365361942495561 1.0126628905344819 1.0589117867203908 1.1096149158713478 1.209724961919481 1.2868943638450272
178 1780 -0.24794140892615774 -0.0752118529494465 0.07646839628961109 0.2710813876070356 0.7050662094915408 0.7831069135593282 0.8580564708084907 0.8824438233115257 0.9365361942495561 1.0126628905344819 1.0589117867203908 1.1096149158713478 1.209724961919481 1.2868943638450272
179 1790 -0.24794140892615774 -0.0752118529494465 0.07646839628961109 0.2710813876070356 0.7050662094915408 0.7831069135593282 0.8580564708084907 0.8824438233115257 0.9365361942495561 1.0126628905344819 1.0589117867203908 1.1096149158713478 1.209724961919481 1.2868943638450272
180 1800 -0.24794140892615774 -0.0752118529494465 0.07646839628961109 0.2710813876070356 0.7050662094915408 0.7831069135593282 0.8580564708084907 0.8824438233115257 0.9365361942495561 1.0126628905344819 1.0589117867203908 1.1096149158713478 1.209724961919481 1.2868943638450272
181 1810 -0.1904911813309708 -0.0756378924334958 0.09232859506977337 0.3472594218829813 0.7221819953326784 0.7300017511077734 0.8586430683898141 0.8786868754150645 0.963391574396937 1.0145764111657667 1.0744376144759529 1.1144937691009038 1.2144554169093014 1.2677889954315964
182 1820 -0.1904911813309708 -0.0756378924334958 0.09232859506977337 0.3472594218829813 0.7221819953326784 0.7300017511077734 0.8586430683898141 0.8786868754150645 0.963391574396937 1.0145764111657667 1.0744376144759529 1.1144937691009038 1.2144554169093014 1.2677889954315964
183 1830 -0.1904911813309708 -0.0756378924334958 0.09232859506977337 0.3472594218829813 0.7221819953326784 0.7300017511077734 0.8586430683898141 0.8786868754150645 0.963391574396937 1.0145764111657667 1.0744376144759529 1.1144937691009038 1.2144554169093014 1.2677889954315964
184 1840 -0.1904911813309708 -0.0756378924334958 0.09232859506977337 0.3472594218829813 0.7221819953326784 0.7300017511077734 0.8586430683898141 0.8786868754150645 0.963391574396937 1.0145764111657667 1.0744376144759529 1.1144937691009038 1.2144554169093014 1.2677889954315964
185 1850 -0.1904911813309708 -0.0756378924334958 0.09232859506977337 0.3472594218829813 0.7221819953326784 0.7300017511077734 0.8586430683898141 0.8786868754150645 0.963391574396937 1.0145764111657667 1.0744376144759529 1.1144937691009038 1.2144554169093014 1.2677889954315964
186 1860 -0.1904911813309708 -0.0756378924334958 0.09232859506977337 0.3472594218829813 0.7221819953326784 0.7300017511077734 0.8586430683898141 0.8786868754150645 0.963391574396937 1.0145764111657667 1.0744376144759529 1.1144937691009038 1.2144554169093014 1.2677889954315964
187 1870 -0.1904911813309708 -0.0756378924334958 0.09232859506977337 0.3472594218829813 0.7221819953326784 0.7300017511077734 0.8586430683898141 0.8786868754150645 0.963391574396937 1.0145764111657667 1.0744376144759529 1.1144937691009038 1.2144554169093014 1.2677889954315964
188 1880 -0.1904911813309708 -0.0756378924334958 0.09232859506977337 0.3472594218829813 0.7221819953326784 0.7300017511077734 0.8586430683898141 0.8786868754150645 0.963391574396937 1.0145764111657667 1.0744376144759529 1.1144937691009038 1.2144554169093014 1.2677889954315964
189 1890 -0.1904911813309708 -0.0756378924334958 0.09232859506977337 0.3472594218829813 0.7221819953326784 0.7300017511077734 0.8586430683898141 0.8786868754150645 0.963391574396937 1.0145764111657667 1.0744376144759529 1.1144937691009038 1.2144554169093014 1.2677889954315964
190 1900 -0.1904911813309708 -0.0756378924334958 0.09232859506977337 0.3472594218829813 0.7221819953326784 0.7300017511077734 0.8586430683898141 0.8786868754150645 0.963391574396937 1.0145764111657667 1.0744376144759529 1.1144937691009038 1.2144554169093014 1.2677889954315964
191 1910 -0.18405405657461643 -0.06617657524303448 0.10182851585691849 0.308358409550416 0.7269658341194959 0.7466565840454511 0.8395635463121119 0.8740461327670385 0.9395563673349698 0.9880468981358794 1.048725882119074 1.1767234105208433 1.2309716489081632 1.2595249221820901
192 1920 -0.18405405657461643 -0.06617657524303448 0.10182851585691849 0.308358409550416 0.7269658341194959 0.7466565840454511 0.8395635463121119 0.8740461327670385 0.9395563673349698 0.9880468981358794 1.048725882119074 1.1767234105208433 1.2309716489081632 1.2595249221820901
193 1930 -0.18405405657461643 -0.06617657524303448 0.10182851585691849 0.308358409550416 0.7269658341194959 0.7466565840454511 0.8395635463121119 0.8740461327670385 0.9395563673349698 0.9880468981358794 1.048725882119074 1.1767234105208433 1.2309716489081632 1.2595249221820901
194 1940 -0.18405405657461643 -0.06617657524303448 0.10182851585691849 0.308358409550416 0.7269658341194959 0.7466565840454511 0.8395635463121119 0.8740461327670385 0.9395563673349698 0.9880468981358794 1.048725882119074 1.1767234105208433 1.2309716489081632 1.2595249221820901
195 1950 -0.18405405657461643 -0.06617657524303448 0.10182851585691849 0.308358409550416 0.7269658341194959 0.7466565840454511 0.8395635463121119 0.8740461327670385 0.9395563673349698 0.9880468981358794 1.048725882119074 1.1767234105208433 1.2309716489081632 1.2595249221820901
196 1960 -0.18405405657461643 -0.06617657524303448 0.10182851585691849 0.308358409550416 0.7269658341194959 0.7466565840454511 0.8395635463121119 0.8740461327670385 0.9395563673349698 0.9880468981358794 1.048725882119074 1.1767234105208433 1.2309716489081632 1.2595249221820901
197 1970 -0.18405405657461643 -0.06617657524303448 0.10182851585691849 0.308358409550416 0.7269658341194959 0.7466565840454511 0.8395635463121119 0.8740461327670385 0.9395563673349698 0.9880468981358794 1.048725882119074 1.1767234105208433 1.2309716489081632 1.2595249221820901
198 1980 -0.18405405657461643 -0.06617657524303448 0.10182851585691849 0.308358409550416 0.7269658341194959 0.7466565840454511 0.8395635463121119 0.8740461327670385 0.9395563673349698 0.9880468981358794 1.048725882119074 1.1767234105208433 1.2309716489081632 1.2595249221820901
199 1990 -0.18405405657461643 -0.06617657524303448 0.10182851585691849 0.308358409550416 0.7269658341194959 0.7466565840454511 0.8395635463121119 0.8740461327670385 0.9395563673349698 0.9880468981358794 1.048725882119074 1.1767234105208433 1.2309716489081632 1.2595249221820901
200 2000 -0.18405405657461643 -0.06617657524303448 0.10182851585691849 0.308358409550416 0.7269658341194959 0.7466565840454511 0.8395635463121119 0.8740461327670385 0.9395563673349698 0.9880468981358794 1.048725882119074 1.1767234105208433 1.2309716489081632 1.2595249221820901
201 2010 -0.19016955070437558 -0.0644111941479168 0.07760827730180407 0.4081510474901094 0.7034581955414944 0.7786165753791294 0.8406741645729696 0.8673319733361294 0.9854425356134154 1.0073377607596823 1.022655101371352 1.1313023953298527 1.2357001218643942 1.2654861833519382
202 2020 -0.19016955070437558 -0.0644111941479168 0.07760827730180407 0.4081510474901094 0.7034581955414944 0.7786165753791294 0.8406741645729696 0.8673319733361294 0.9854425356134154 1.0073377607596823 1.022655101371352 1.1313023953298527 1.2357001218643942 1.2654861833519382
203 2030 -0.19016955070437558 -0.0644111941479168 0.07760827730180407 0.4081510474901094 0.7034581955414944 0.7786165753791294 0.8406741645729696 0.8673319733361294 0.9854425356134154 1.0073377607596823 1.022655101371352 1.1313023953298527 1.2357001218643942 1.2654861833519382
204 2040 -0.19016955070437558 -0.0644111941479168 0.07760827730180407 0.4081510474901094 0.7034581955414944 0.7786165753791294 0.8406741645729696 0.8673319733361294 0.9854425356134154 1.0073377607596823 1.022655101371352 1.1313023953298527 1.2357001218643942 1.2654861833519382
205 2050 -0.19016955070437558 -0.0644111941479168 0.07760827730180407 0.4081510474901094 0.7034581955414944 0.7786165753791294 0.8406741645729696 0.8673319733361294 0.9854425356134154 1.0073377607596823 1.022655101371352 1.1313023953298527 1.2357001218643942 1.2654861833519382
206 2060 -0.19016955070437558 -0.0644111941479168 0.07760827730180407 0.4081510474901094 0.7034581955414944 0.7786165753791294 0.8406741645729696 0.8673319733361294 0.9854425356134154 1.0073377607596823 1.022655101371352 1.1313023953298527 1.2357001218643942 1.2654861833519382
207 2070 -0.19016955070437558 -0.0644111941479168 0.07760827730180407 0.4081510474901094 0.7034581955414944 0.7786165753791294 0.8406741645729696 0.8673319733361294 0.9854425356134154 1.0073377607596823 1.022655101371352 1.1313023953298527 1.2357001218643942 1.2654861833519382
208 2080 -0.19016955070437558 -0.0644111941479168 0.07760827730180407 0.4081510474901094 0.7034581955414944 0.7786165753791294 0.8406741645729696 0.8673319733361294 0.9854425356134154 1.0073377607596823 1.022655101371352 1.1313023953298527 1.2357001218643942 1.2654861833519382
209 2090 -0.19016955070437558 -0.0644111941479168 0.07760827730180407 0.4081510474901094 0.7034581955414944 0.7786165753791294 0.8406741645729696 0.8673319733361294 0.9854425356134154 1.0073377607596823 1.022655101371352 1.1313023953298527 1.2357001218643942 1.2654861833519382
210 2100 -0.19016955070437558 -0.0644111941479168 0.07760827730180407 0.4081510474901094 0.7034581955414944 0.7786165753791294 0.8406741645729696 0.8673319733361294 0.9854425356134154 1.0073377607596823 1.022655101371352 1.1313023953298527 1.2357001218643942 1.2654861833519382
211 2110 -0.1766453668246512 -0.08967999778642613 0.0882553939850762 0.40396269764327486 0.6758434566485838 0.7625128923771923 0.8609324175809578 0.8805852052623564 0.9551132635162158 0.9992914007189238 1.0573276536929184 1.1218124253830377 1.2042434399126665 1.3068064058687123
212 2120 -0.1766453668246512 -0.08967999778642613 0.0882553939850762 0.40396269764327486 0.6758434566485838 0.7625128923771923 0.8609324175809578 0.8805852052623564 0.9551132635162158 0.9992914007189238 1.0573276536929184 1.1218124253830377 1.2042434399126665 1.3068064058687123
213 2130 -0.1766453668246512 -0.08967999778642613 0.0882553939850762 0.40396269764327486 0.6758434566485838 0.7625128923771923 0.8609324175809578 0.8805852052623564 0.9551132635162158 0.9992914007189238 1.0573276536929184 1.1218124253830377 1.2042434399126665 1.3068064058687123
214 2140 -0.1766453668246512 -0.08967999778642613 0.0882553939850762 0.40396269764327486 0.6758434566485838 0.7625128923771923 0.8609324175809578 0.8805852052623564 0.9551132635162158 0.9992914007189238 1.0573276536929184 1.1218124253830377 1.2042434399126665 1.3068064058687123
215 2150 -0.1766453668246512 -0.08967999778642613 0.0882553939850762 0.40396269764327486 0.6758434566485838 0.7625128923771923 0.8609324175809578 0.8805852052623564 0.9551132635162158 0.9992914007189238 1.0573276536929184 1.1218124253830377 1.2042434399126665 1.3068064058687123
216 2160 -0.1766453668246512 -0.08967999778642613 0.0882553939850762 0.40396269764327486 0.6758434566485838 0.7625128923771923 0.8609324175809578 0.8805852052623564 0.9551132635162158 0.9992914007189238 1.0573276536929184 1.1218124253830377 1.2042434399126665 1.3068064058687123
217 2170 -0.1766453668246512 -0.08967999778642613 0.0882553939850762 0.40396269764327486 0.6758434566485838 0.7625128923771923 0.8609324175809578 0.8805852052623564 0.9551132635162158 0.9992914007189238 1.0573276536929184 1.1218124253830377 1.2042434399126665 1.3068064058687123
218 2180 -0.1766453668246512 -0.08967999778642613 0.0882553939850762 0.40396269764327486 0.6758434566485838 0.7625128923771923 0.8609324175809578 0.8805852052623564 0.9551132635162158 0.9992914007189238 1.0573276536929184 1.1218124253830377 1.2042434399126665 1.3068064058687123
219 2190 -0.1766453668246512 -0.08967999778642613 0.0882553939850762 0.40396269764327486 0.6758434566485838 0.7625128923771923 0.8609324175809578 0.8805852052623564 0.9551132635162158 0.9992914007189238 1.0573276536929184 1.1218124253830377 1.2042434399126665 1.3068064058687123
220 2200 -0.1766453668246512 -0.08967999778642613 0.0882553939850762 0.40396269764327486 0.6758434566485838 0.7625128923771923 0.8609324175809578 0.8805852052623564 0.9551132635162158 0.9992914007189238 1.0573276536929184 1.1218124253830377 1.2042434399126665 1.3068064058687123
221 2210 -0.2928600865852214 -0.08246572739904595 0.07626227249323035 0.48105478688843745 0.6685126618138958 0.731927709461981 0.8200763019272046 0.8462822779464206 0.9849100651776256 1.0293832843802513 1.0508948203265231 1.1057611565829124 1.194458293998191 1.3583658404936512
222 2220 -0.2928600865852214 -0.08246572739904595 0.07626227249323035 0.48105478688843745 0.6685126618138958 0.731927709461981 0.8200763019272046 0.8462822779464206 0.9849100651776256 1.0293832843802513 1.0508948203265231 1.1057611565829124 1.194458293998191 1.3583658404936512
223 2230 -0.2928600865852214 -0.08246572739904595 0.07626227249323035 0.48105478688843745 0.6685126618138958 0.731927709461981 0.8200763019272046 0.8462822779464206 0.9849100651776256 1.0293832843802513 1.0508948203265231 1.1057611565829124 1.194458293998191 1.3583658404936512
224 2240 -0.2928600865852214 -0.08246572739904595 0.07626227249323035 0.48105478688843745 0.6685126618138958 0.731927709461981 0.8200763019272046 0.8462822779464206 0.9849100651776256 1.0293832843802513 1.0508948203265231 1.1057611565829124 1.194458293998191 1.3583658404936512
225 2250 -0.2928600865852214 -0.08246572739904595 0.07626227249323035 0.48105478688843745 0.6685126618138958 0.731927709461981 0.8200763019272046 0.8462822779464206 0.9849100651776256 1.0293832843802513 1.0508948203265231 1.1057611565829124 1.194458293998191 1.3583658404936512
226 2260 -0.2928600865852214 -0.08246572739904595 0.07626227249323035 0.48105478688843745 0.6685126618138958 0.731927709461981 0.8200763019272046 0.8462822779464206 0.9849100651776256 1.0293832843802513 1.0508948203265231 1.1057611565829124 1.194458293998191 1.3583658404936512
227 2270 -0.2928600865852214 -0.08246572739904595 0.07626227249323035 0.48105478688843745 0.6685126618138958 0.731927709461981 0.8200763019272046 0.8462822779464206 0.9849100651776256 1.0293832843802513 1.0508948203265231 1.1057611565829124 1.194458293998191 1.3583658404936512
228 2280 -0.2928600865852214 -0.08246572739904595 0.07626227249323035 0.48105478688843745 0.6685126618138958 0.731927709461981 0.8200763019272046 0.8462822779464206 0.9849100651776256 1.0293832843802513 1.0508948203265231 1.1057611565829124 1.194458293998191 1.3583658404936512
229 2290 -0.2928600865852214 -0.08246572739904595 0.07626227249323035 0.48105478688843745 0.6685126618138958 0.731927709461981 0.8200763019272046 0.8462822779464206 0.9849100651776256 1.0293832843802513 1.0508948203265231 1.1057611565829124 1.194458293998191 1.3583658404936512
230 2300 -0.2928600865852214 -0.08246572739904595 0.07626227249323035 0.48105478688843745 0.6685126618138958 0.731927709461981 0.8200763019272046 0.8462822779464206 0.9849100651776256 1.0293832843802513 1.0508948203265231 1.1057611565829124 1.194458293998191 1.3583658404936512
231 2310 -0.3664758600360338 -0.06936378937352095 0.06801049729719177 0.44246026060896004 0.6649827296271558 0.7467851301451132 0.7744644242569608 0.8344722592459064 0.9422925231048725 1.0431374062891428 1.0692839352907468 1.0992185265896097 1.1817389649057504 1.4070406926087569
232 2320 -0.3664758600360338 -0.06936378937352095 0.06801049729719177 0.44246026060896004 0.6649827296271558 0.7467851301451132 0.7744644242569608 0.8344722592459064 0.9422925231048725 1.0431374062891428 1.0692839352907468 1.0992185265896097 1.1817389649057504 1.4070406926087569
233 2330 -0.3664758600360338 -0.06936378937352095 0.06801049729719177 0.44246026060896004 0.6649827296271558 0.7467851301451132 0.7744644242569608 0.8344722592459064 0.9422925231048725 1.0431374062891428 1.0692839352907468 1.0992185265896097 1.1817389649057504 1.4070406926087569
234 2340 -0.3664758600360338 -0.06936378937352095 0.06801049729719177 0.44246026060896004 0.6649827296271558 0.7467851301451132 0.7744644242569608 0.8344722592459064 0.9422925231048725 1.0431374062891428 1.0692839352907468 1.0992185265896097 1.1817389649057504 1.4070406926087569
235 2350 -0.3664758600360338 -0.06936378937352095 0.06801049729719177 0.44246026060896004 0.6649827296271558 0.7467851301451132 0.7744644242569608 0.8344722592459064 0.9422925231048725 1.0431374062891428 1.0692839352907468 1.0992185265896097 1.1817389649057504 1.4070406926087569
236 2360 -0.3664758600360338 -0.06936378937352095 0.06801049729719177 0.44246026060896004 0.6649827296271558 0.7467851301451132 0.7744644242569608 0.8344722592459064 0.9422925231048725 1.0431374062891428 1.0692839352907468 1.0992185265896097 1.1817389649057504 1.4070406926087569
237 2370 -0.3664758600360338 -0.06936378937352095 0.06801049729719177 0.44246026060896004 0.6649827296271558 0.7467851301451132 0.7744644242569608 0.8344722592459064 0.9422925231048725 1.0431374062891428 1.0692839352907468 1.0992185265896097 1.1817389649057504 1.4070406926087569
238 2380 -0.3664758600360338 -0.06936378937352095 0.06801049729719177 0.44246026060896004 0.6649827296271558 0.7467851301451132 0.7744644242569608 0.8344722592459064 0.9422925231048725 1.0431374062891428 1.0692839352907468 1.0992185265896097 1.1817389649057504 1.4070406926087569
239 2390 -0.3664758600360338 -0.06936378937352095 0.06801049729719177 0.44246026060896004 0.6649827296271558 0.7467851301451132 0.7744644242569608 0.8344722592459064 0.9422925231048725 1.0431374062891428 1.0692839352907468 1.0992185265896097 1.1817389649057504 1.4070406926087569
240 2400 -0.3664758600360338 -0.06936378937352095 0.06801049729719177 0.44246026060896004 0.6649827296271558 0.7467851301451132 0.7744644242569608 0.8344722592459064 0.9422925231048725 1.0431374062891428 1.0692839352907468 1.0992185265896097 1.1817389649057504 1.4070406926087569
241 2410 -0.274926461929623 -0.08316807173682603 0.07258832710931616 0.3774793271366573 0.7143517722825246 0.7615625831909802 0.8201817949716964 0.8802328920610691 0.9833804488743682 1.0177748325905593 1.073324566917448 1.0954450532423623 1.1728647971077457 1.3159315393483553
242 2420 -0.274926461929623 -0.08316807173682603 0.07258832710931616 0.3774793271366573 0.7143517722825246 0.7615625831909802 0.8201817949716964 0.8802328920610691 0.9833804488743682 1.0177748325905593 1.073324566917448 1.0954450532423623 1.1728647971077457 1.3159315393483553
243 2430 -0.274926461929623 -0.08316807173682603 0.07258832710931616 0.3774793271366573 0.7143517722825246 0.7615625831909802 0.8201817949716964 0.8802328920610691 0.9833804488743682 1.0177748325905593 1.073324566917448 1.0954450532423623 1.1728647971077457 1.3159315393483553
244 2440 -0.274926461929623 -0.08316807173682603 0.07258832710931616 0.3774793271366573 0.7143517722825246 0.7615625831909802 0.8201817949716964 0.8802328920610691 0.9833804488743682 1.0177748325905593 1.073324566917448 1.0954450532423623 1.1728647971077457 1.3159315393483553
245 2450 -0.274926461929623 -0.08316807173682603 0.07258832710931616 0.3774793271366573 0.7143517722825246 0.7615625831909802 0.8201817949716964 0.8802328920610691 0.9833804488743682 1.0177748325905593 1.073324566917448 1.0954450532423623 1.1728647971077457 1.3159315393483553
246 2460 -0.274926461929623 -0.08316807173682603 0.07258832710931616 0.3774793271366573 0.7143517722825246 0.7615625831909802 0.8201817949716964 0.8802328920610691 0.9833804488743682 1.0177748325905593 1.073324566917448 1.0954450532423623 1.1728647971077457 1.3159315393483553
247 2470 -0.274926461929623 -0.08316807173682603 0.07258832710931616 0.3774793271366573 0.7143517722825246 0.7615625831909802 0.8201817949716964 0.8802328920610691 0.9833804488743682 1.0177748325905593 1.073324566917448 1.0954450532423623 1.1728647971077457 1.3159315393483553
248 2480 -0.274926461929623 -0.08316807173682603 0.07258832710931616 0.3774793271366573 0.7143517722825246 0.7615625831909802 0.8201817949716964 0.8802328920610691 0.9833804488743682 1.0177748325905593 1.073324566917448 1.0954450532423623 1.1728647971077457 1.3159315393483553
249 2490 -0.274926461929623 -0.08316807173682603 0.07258832710931616 0.3774793271366573 0.7143517722825246 0.7615625831909802 0.8201817949716964 0.8802328920610691 0.9833804488743682 1.0177748325905593 1.073324566917448 1.0954450532423623 1.1728647971077457 1.3159315393483553
