% # columns="iteration, evaluation, min max(neg(.)) min(pos(.)) max correlation, correlation matrix principal axes lengths  (sorted square roots of eigenvalues of correlation matrix)", seed=1118674, Thu May 19 18:52:27 2022
1 10 -0.07031665275273755 -0.00885590608146657 0.016533299441932933 0.07792914927082656 0.940024061193775 0.9580040482208017 0.9696205302946871 0.9847476582865737 0.9969711034428566 1.0018093191612492 1.013945837202503 1.0208074142410082 1.0308412944938452 1.0762667324867206
2 20 -0.15544253464572244 -0.018421106358557468 0.02663361685797442 0.11774667356982792 0.940024061193775 0.9580040482208017 0.9696205302946871 0.9847476582865737 0.9969711034428566 1.0018093191612492 1.013945837202503 1.0208074142410082 1.0308412944938452 1.0762667324867206
3 30 -0.21194372675736114 -0.019005301982343143 0.030417986365075284 0.14917963612601373 0.940024061193775 0.9580040482208017 0.9696205302946871 0.9847476582865737 0.9969711034428566 1.0018093191612492 1.013945837202503 1.0208074142410082 1.0308412944938452 1.0762667324867206
4 40 -0.24953189735788786 -0.024768945117562047 0.03631608832005787 0.18799292651774485 0.940024061193775 0.9580040482208017 0.9696205302946871 0.9847476582865737 0.9969711034428566 1.0018093191612492 1.013945837202503 1.0208074142410082 1.0308412944938452 1.0762667324867206
5 50 -0.2426027118045887 -0.027768247821918772 0.03910969637503322 0.18795509954328898 0.940024061193775 0.9580040482208017 0.9696205302946871 0.9847476582865737 0.9969711034428566 1.0018093191612492 1.013945837202503 1.0208074142410082 1.0308412944938452 1.0762667324867206
6 60 -0.22359717853981512 -0.026282735094470194 0.04859315206995482 0.16568773524176308 0.940024061193775 0.9580040482208017 0.9696205302946871 0.9847476582865737 0.9969711034428566 1.0018093191612492 1.013945837202503 1.0208074142410082 1.0308412944938452 1.0762667324867206
7 70 -0.19924133367936997 -0.04450935318370012 0.052323720680110215 0.13402711848010646 0.940024061193775 0.9580040482208017 0.9696205302946871 0.9847476582865737 0.9969711034428566 1.0018093191612492 1.013945837202503 1.0208074142410082 1.0308412944938452 1.0762667324867206
8 80 -0.18764068657663385 -0.038406034408536065 0.05297507987871966 0.12509253902807693 0.940024061193775 0.9580040482208017 0.9696205302946871 0.9847476582865737 0.9969711034428566 1.0018093191612492 1.013945837202503 1.0208074142410082 1.0308412944938452 1.0762667324867206
9 90 -0.19115000765251725 -0.05255528289088574 0.046054104741157474 0.12425999612472131 0.940024061193775 0.9580040482208017 0.9696205302946871 0.9847476582865737 0.9969711034428566 1.0018093191612492 1.013945837202503 1.0208074142410082 1.0308412944938452 1.0762667324867206
10 100 -0.3034454170553045 -0.05005280760582826 0.055754075755855635 0.2428672415600813 0.940024061193775 0.9580040482208017 0.9696205302946871 0.9847476582865737 0.9969711034428566 1.0018093191612492 1.013945837202503 1.0208074142410082 1.0308412944938452 1.0762667324867206
11 110 -0.32107537976790174 -0.053941953688026026 0.0653186894681912 0.22055016190200985 0.7743782866787339 0.8197791452640456 0.8627287672257536 0.9370648803531136 0.9519684647372659 1.007750577328431 1.0214599653683067 1.0646383926261254 1.155949412983773 1.2926907244500874
12 120 -0.33277462396802093 -0.06576014835050627 0.06203126904738739 0.22448694722960003 0.7743782866787339 0.8197791452640456 0.8627287672257536 0.9370648803531136 0.9519684647372659 1.007750577328431 1.0214599653683067 1.0646383926261254 1.155949412983773 1.2926907244500874
13 130 -0.3658743185878068 -0.07187757966424178 0.05999346903096426 0.23693249418439932 0.7743782866787339 0.8197791452640456 0.8627287672257536 0.9370648803531136 0.9519684647372659 1.007750577328431 1.0214599653683067 1.0646383926261254 1.155949412983773 1.2926907244500874
14 140 -0.3788627999972652 -0.0655408919926789 0.056212352603126715 0.2568237878288931 0.7743782866787339 0.8197791452640456 0.8627287672257536 0.9370648803531136 0.9519684647372659 1.007750577328431 1.0214599653683067 1.0646383926261254 1.155949412983773 1.2926907244500874
15 150 -0.3882988518439495 -0.06838283449134502 0.06174060015636901 0.24547797009272024 0.7743782866787339 0.8197791452640456 0.8627287672257536 0.9370648803531136 0.9519684647372659 1.007750577328431 1.0214599653683067 1.0646383926261254 1.155949412983773 1.2926907244500874
16 160 -0.3817341679136288 -0.08381438742441953 0.06708600165881673 0.2589914229468757 0.7743782866787339 0.8197791452640456 0.8627287672257536 0.9370648803531136 0.9519684647372659 1.007750577328431 1.0214599653683067 1.0646383926261254 1.155949412983773 1.2926907244500874
17 170 -0.36265928244918305 -0.07578903817129629 0.06636428081724523 0.2280937473896506 0.7743782866787339 0.8197791452640456 0.8627287672257536 0.9370648803531136 0.9519684647372659 1.007750577328431 1.0214599653683067 1.0646383926261254 1.155949412983773 1.2926907244500874
18 180 -0.37076710988688577 -0.07539649102730271 0.06686766345479683 0.22153537983715907 0.7743782866787339 0.8197791452640456 0.8627287672257536 0.9370648803531136 0.9519684647372659 1.007750577328431 1.0214599653683067 1.0646383926261254 1.155949412983773 1.2926907244500874
19 190 -0.3925349723544455 -0.08123072652642485 0.07992494399577199 0.2271392474152003 0.7743782866787339 0.8197791452640456 0.8627287672257536 0.9370648803531136 0.9519684647372659 1.007750577328431 1.0214599653683067 1.0646383926261254 1.155949412983773 1.2926907244500874
20 200 -0.40443328757440333 -0.09662399543574444 0.07320189916659922 0.25232631311432496 0.7743782866787339 0.8197791452640456 0.8627287672257536 0.9370648803531136 0.9519684647372659 1.007750577328431 1.0214599653683067 1.0646383926261254 1.155949412983773 1.2926907244500874
21 210 -0.40715869124731807 -0.09613895771688738 0.07619290071297576 0.2711497390658806 0.6792477207004702 0.7271823760346243 0.8003283554535374 0.8917960037603498 0.9574985076321711 0.9742948803134948 1.0428832101241847 1.1122004441604618 1.1827595921150664 1.4086991731484704
22 220 -0.4123406745859527 -0.11021077082634856 0.09404406382749586 0.2827342595101681 0.6792477207004702 0.7271823760346243 0.8003283554535374 0.8917960037603498 0.9574985076321711 0.9742948803134948 1.0428832101241847 1.1122004441604618 1.1827595921150664 1.4086991731484704
23 230 -0.4121973482226451 -0.09877197066507487 0.09048333467337229 0.2952029324139571 0.6792477207004702 0.7271823760346243 0.8003283554535374 0.8917960037603498 0.9574985076321711 0.9742948803134948 1.0428832101241847 1.1122004441604618 1.1827595921150664 1.4086991731484704
24 240 -0.42509835321764433 -0.10297187617853043 0.10289456613313532 0.30689296716918446 0.6792477207004702 0.7271823760346243 0.8003283554535374 0.8917960037603498 0.9574985076321711 0.9742948803134948 1.0428832101241847 1.1122004441604618 1.1827595921150664 1.4086991731484704
25 250 -0.42810482407897354 -0.1242086797057734 0.10183545962168403 0.24629484731305362 0.6792477207004702 0.7271823760346243 0.8003283554535374 0.8917960037603498 0.9574985076321711 0.9742948803134948 1.0428832101241847 1.1122004441604618 1.1827595921150664 1.4086991731484704
26 260 -0.3904778668151266 -0.09514221606100515 0.07986428732882292 0.23807605772666823 0.6792477207004702 0.7271823760346243 0.8003283554535374 0.8917960037603498 0.9574985076321711 0.9742948803134948 1.0428832101241847 1.1122004441604618 1.1827595921150664 1.4086991731484704
27 270 -0.3747917074180144 -0.11347007223572092 0.0644064840486834 0.23700156977270817 0.6792477207004702 0.7271823760346243 0.8003283554535374 0.8917960037603498 0.9574985076321711 0.9742948803134948 1.0428832101241847 1.1122004441604618 1.1827595921150664 1.4086991731484704
28 280 -0.37720659107324644 -0.11616126841946371 0.06322727073113937 0.24079669168348725 0.6792477207004702 0.7271823760346243 0.8003283554535374 0.8917960037603498 0.9574985076321711 0.9742948803134948 1.0428832101241847 1.1122004441604618 1.1827595921150664 1.4086991731484704
29 290 -0.3703420885789284 -0.11387610777520968 0.08112093915674111 0.2124962552497821 0.6792477207004702 0.7271823760346243 0.8003283554535374 0.8917960037603498 0.9574985076321711 0.9742948803134948 1.0428832101241847 1.1122004441604618 1.1827595921150664 1.4086991731484704
30 300 -0.3643311600226679 -0.12233388186636338 0.08401534097493409 0.2018108660713342 0.6792477207004702 0.7271823760346243 0.8003283554535374 0.8917960037603498 0.9574985076321711 0.9742948803134948 1.0428832101241847 1.1122004441604618 1.1827595921150664 1.4086991731484704
31 310 -0.383253518279179 -0.10042564855035238 0.07973836828694349 0.20394612994300945 0.6967270668567968 0.7159307911865735 0.7870352601202713 0.8955817459537252 0.94779618126317 0.9763896782410045 1.0946049757263405 1.119772142840627 1.2252156763229556 1.3325410946440255
32 320 -0.4177073466262595 -0.10887230610718063 0.07524508544720163 0.2547546609378159 0.6967270668567968 0.7159307911865735 0.7870352601202713 0.8955817459537252 0.94779618126317 0.9763896782410045 1.0946049757263405 1.119772142840627 1.2252156763229556 1.3325410946440255
33 330 -0.4353026275405127 -0.11070593551718201 0.06395713359998723 0.2526311579079829 0.6967270668567968 0.7159307911865735 0.7870352601202713 0.8955817459537252 0.94779618126317 0.9763896782410045 1.0946049757263405 1.119772142840627 1.2252156763229556 1.3325410946440255
34 340 -0.42600147414526596 -0.10525579293637356 0.06125830926740583 0.2884995451007676 0.6967270668567968 0.7159307911865735 0.7870352601202713 0.8955817459537252 0.94779618126317 0.9763896782410045 1.0946049757263405 1.119772142840627 1.2252156763229556 1.3325410946440255
35 350 -0.38214256738495156 -0.11120239631916572 0.06972337615840501 0.2943329725058909 0.6967270668567968 0.7159307911865735 0.7870352601202713 0.8955817459537252 0.94779618126317 0.9763896782410045 1.0946049757263405 1.119772142840627 1.2252156763229556 1.3325410946440255
36 360 -0.41057203294580563 -0.09685464350204699 0.05937057571672942 0.27922375543427813 0.6967270668567968 0.7159307911865735 0.7870352601202713 0.8955817459537252 0.94779618126317 0.9763896782410045 1.0946049757263405 1.119772142840627 1.2252156763229556 1.3325410946440255
37 370 -0.41464073956354125 -0.08209054757662326 0.05693654550100045 0.2563064675477713 0.6967270668567968 0.7159307911865735 0.7870352601202713 0.8955817459537252 0.94779618126317 0.9763896782410045 1.0946049757263405 1.119772142840627 1.2252156763229556 1.3325410946440255
38 380 -0.40380869694327987 -0.1059160297949371 0.05901312756210291 0.25060773451659535 0.6967270668567968 0.7159307911865735 0.7870352601202713 0.8955817459537252 0.94779618126317 0.9763896782410045 1.0946049757263405 1.119772142840627 1.2252156763229556 1.3325410946440255
39 390 -0.3839911906747238 -0.10804788609692806 0.053340211696508634 0.24171922579655303 0.6967270668567968 0.7159307911865735 0.7870352601202713 0.8955817459537252 0.94779618126317 0.9763896782410045 1.0946049757263405 1.119772142840627 1.2252156763229556 1.3325410946440255
40 400 -0.36437416739463335 -0.10293181160215757 0.07021331145883097 0.2731191087215443 0.6967270668567968 0.7159307911865735 0.7870352601202713 0.8955817459537252 0.94779618126317 0.9763896782410045 1.0946049757263405 1.119772142840627 1.2252156763229556 1.3325410946440255
41 410 -0.3549067006742553 -0.1043398085364212 0.07299521436709899 0.28575053465466976 0.718154863463009 0.7456931688232439 0.77220594569439 0.8146717751504666 0.9592936084555952 1.006441685604275 1.0785526833985017 1.1191967771703908 1.199304419542965 1.3714319760332552
42 420 -0.35176910426906544 -0.12043619174586906 0.07345625622385557 0.3174831903708891 0.718154863463009 0.7456931688232439 0.77220594569439 0.8146717751504666 0.9592936084555952 1.006441685604275 1.0785526833985017 1.1191967771703908 1.199304419542965 1.3714319760332552
43 430 -0.33326534441521183 -0.1056402822105099 0.0648165019993526 0.3081239755318983 0.718154863463009 0.7456931688232439 0.77220594569439 0.8146717751504666 0.9592936084555952 1.006441685604275 1.0785526833985017 1.1191967771703908 1.199304419542965 1.3714319760332552
44 440 -0.3354427034921011 -0.12881153113164312 0.08208168692687288 0.34347687943674365 0.718154863463009 0.7456931688232439 0.77220594569439 0.8146717751504666 0.9592936084555952 1.006441685604275 1.0785526833985017 1.1191967771703908 1.199304419542965 1.3714319760332552
45 450 -0.3211871209595457 -0.1293995679810796 0.07779467928509906 0.3442149655757888 0.718154863463009 0.7456931688232439 0.77220594569439 0.8146717751504666 0.9592936084555952 1.006441685604275 1.0785526833985017 1.1191967771703908 1.199304419542965 1.3714319760332552
46 460 -0.31213655865862044 -0.12951997082466332 0.08235857574420405 0.3484917906966991 0.718154863463009 0.7456931688232439 0.77220594569439 0.8146717751504666 0.9592936084555952 1.006441685604275 1.0785526833985017 1.1191967771703908 1.199304419542965 1.3714319760332552
47 470 -0.3152321201665825 -0.10867499929802983 0.09747699591051202 0.332551511004474 0.718154863463009 0.7456931688232439 0.77220594569439 0.8146717751504666 0.9592936084555952 1.006441685604275 1.0785526833985017 1.1191967771703908 1.199304419542965 1.3714319760332552
48 480 -0.3096206124533383 -0.10720696950835869 0.10096614392470553 0.3407527730386046 0.718154863463009 0.7456931688232439 0.77220594569439 0.8146717751504666 0.9592936084555952 1.006441685604275 1.0785526833985017 1.1191967771703908 1.199304419542965 1.3714319760332552
49 490 -0.30019726748475534 -0.09842554805431722 0.10316375205416968 0.34156255784738987 0.718154863463009 0.7456931688232439 0.77220594569439 0.8146717751504666 0.9592936084555952 1.006441685604275 1.0785526833985017 1.1191967771703908 1.199304419542965 1.3714319760332552
50 500 -0.29188133815552686 -0.08760069430435025 0.11169878691825295 0.3378135698062976 0.718154863463009 0.7456931688232439 0.77220594569439 0.8146717751504666 0.9592936084555952 1.006441685604275 1.0785526833985017 1.1191967771703908 1.199304419542965 1.3714319760332552
51 510 -0.3254058394091819 -0.10993856353017545 0.11706929355783124 0.3418543618027259 0.7073924814980622 0.7190154315701337 0.7597304298661198 0.8162141978244926 0.9104199280441679 0.9627386616808742 1.0888375625991937 1.144553496305835 1.251611647150851 1.3861402917806078
52 520 -0.30286146259737384 -0.11206876907280337 0.1266798255227573 0.3339815591906956 0.7073924814980622 0.7190154315701337 0.7597304298661198 0.8162141978244926 0.9104199280441679 0.9627386616808742 1.0888375625991937 1.144553496305835 1.251611647150851 1.3861402917806078
53 530 -0.33484911138499956 -0.10007644331490874 0.12870252943612825 0.3113874774347414 0.7073924814980622 0.7190154315701337 0.7597304298661198 0.8162141978244926 0.9104199280441679 0.9627386616808742 1.0888375625991937 1.144553496305835 1.251611647150851 1.3861402917806078
54 540 -0.34690851006613577 -0.10438188101009824 0.13105980241985002 0.30817653411506507 0.7073924814980622 0.7190154315701337 0.7597304298661198 0.8162141978244926 0.9104199280441679 0.9627386616808742 1.0888375625991937 1.144553496305835 1.251611647150851 1.3861402917806078
55 550 -0.34383970567993644 -0.09073694413239289 0.13548887485896105 0.32196405619549245 0.7073924814980622 0.7190154315701337 0.7597304298661198 0.8162141978244926 0.9104199280441679 0.9627386616808742 1.0888375625991937 1.144553496305835 1.251611647150851 1.3861402917806078
56 560 -0.3278229513641224 -0.0865380317445443 0.14997040992677213 0.286489068487345 0.7073924814980622 0.7190154315701337 0.7597304298661198 0.8162141978244926 0.9104199280441679 0.9627386616808742 1.0888375625991937 1.144553496305835 1.251611647150851 1.3861402917806078
57 570 -0.33151987380194387 -0.09618830715068777 0.15099364463112422 0.2838639065147858 0.7073924814980622 0.7190154315701337 0.7597304298661198 0.8162141978244926 0.9104199280441679 0.9627386616808742 1.0888375625991937 1.144553496305835 1.251611647150851 1.3861402917806078
58 580 -0.299275525583495 -0.09157600990024548 0.14459264418185655 0.30392985695672986 0.7073924814980622 0.7190154315701337 0.7597304298661198 0.8162141978244926 0.9104199280441679 0.9627386616808742 1.0888375625991937 1.144553496305835 1.251611647150851 1.3861402917806078
59 590 -0.2888027997922755 -0.0839369848244218 0.1474614134395436 0.3184233948872093 0.7073924814980622 0.7190154315701337 0.7597304298661198 0.8162141978244926 0.9104199280441679 0.9627386616808742 1.0888375625991937 1.144553496305835 1.251611647150851 1.3861402917806078
60 600 -0.26013765394427046 -0.07725782257545522 0.1437780516209181 0.2990189904100083 0.7073924814980622 0.7190154315701337 0.7597304298661198 0.8162141978244926 0.9104199280441679 0.9627386616808742 1.0888375625991937 1.144553496305835 1.251611647150851 1.3861402917806078
61 610 -0.26815778351476205 -0.11779540051075142 0.13511896048314181 0.2946067837014106 0.6603266508552832 0.7412844587149411 0.7544622696129383 0.8155071374046493 0.9340474562691514 0.9629444765887443 1.1201335124635903 1.1699420272789862 1.2357576718932792 1.3527504152185976
62 620 -0.28894472147774014 -0.10123604846771259 0.14176854667876423 0.3121005017459621 0.6603266508552832 0.7412844587149411 0.7544622696129383 0.8155071374046493 0.9340474562691514 0.9629444765887443 1.1201335124635903 1.1699420272789862 1.2357576718932792 1.3527504152185976
63 630 -0.3306915159954215 -0.11525728182579832 0.14407536837158566 0.28081648067552367 0.6603266508552832 0.7412844587149411 0.7544622696129383 0.8155071374046493 0.9340474562691514 0.9629444765887443 1.1201335124635903 1.1699420272789862 1.2357576718932792 1.3527504152185976
64 640 -0.3141166054523104 -0.12051892131143546 0.12522301212780074 0.2692994079819827 0.6603266508552832 0.7412844587149411 0.7544622696129383 0.8155071374046493 0.9340474562691514 0.9629444765887443 1.1201335124635903 1.1699420272789862 1.2357576718932792 1.3527504152185976
65 650 -0.2910467825890266 -0.11511355606339364 0.12074864088795981 0.2676662831554947 0.6603266508552832 0.7412844587149411 0.7544622696129383 0.8155071374046493 0.9340474562691514 0.9629444765887443 1.1201335124635903 1.1699420272789862 1.2357576718932792 1.3527504152185976
66 660 -0.29449497193387564 -0.1343930471058056 0.125457940401281 0.3129450158337424 0.6603266508552832 0.7412844587149411 0.7544622696129383 0.8155071374046493 0.9340474562691514 0.9629444765887443 1.1201335124635903 1.1699420272789862 1.2357576718932792 1.3527504152185976
67 670 -0.3358159744745908 -0.11246335094770032 0.12347124033499952 0.29279988691481845 0.6603266508552832 0.7412844587149411 0.7544622696129383 0.8155071374046493 0.9340474562691514 0.9629444765887443 1.1201335124635903 1.1699420272789862 1.2357576718932792 1.3527504152185976
68 680 -0.32840432154271515 -0.1006624455753061 0.13040390710651986 0.2533031376856031 0.6603266508552832 0.7412844587149411 0.7544622696129383 0.8155071374046493 0.9340474562691514 0.9629444765887443 1.1201335124635903 1.1699420272789862 1.2357576718932792 1.3527504152185976
69 690 -0.3082568091139371 -0.13129160922133992 0.105414139172154 0.24394901811761863 0.6603266508552832 0.7412844587149411 0.7544622696129383 0.8155071374046493 0.9340474562691514 0.9629444765887443 1.1201335124635903 1.1699420272789862 1.2357576718932792 1.3527504152185976
70 700 -0.30503411412618436 -0.1002523196251895 0.10731194436108663 0.2488432258737333 0.6603266508552832 0.7412844587149411 0.7544622696129383 0.8155071374046493 0.9340474562691514 0.9629444765887443 1.1201335124635903 1.1699420272789862 1.2357576718932792 1.3527504152185976
71 710 -0.3138025045195079 -0.12731463511075686 0.10436525322064223 0.26231754253384987 0.6102933712923263 0.7782385983202449 0.7892242251435597 0.8210795645187305 0.8639808457633338 0.9704769984602519 1.1105002272845597 1.1871874816087946 1.2677223796697925 1.3367149085080885
72 720 -0.27273032802590463 -0.11217423732486911 0.09579336490883113 0.24646938454515271 0.6102933712923263 0.7782385983202449 0.7892242251435597 0.8210795645187305 0.8639808457633338 0.9704769984602519 1.1105002272845597 1.1871874816087946 1.2677223796697925 1.3367149085080885
73 730 -0.25571071175960636 -0.11058271887877964 0.0927013768641131 0.32235235542570106 0.6102933712923263 0.7782385983202449 0.7892242251435597 0.8210795645187305 0.8639808457633338 0.9704769984602519 1.1105002272845597 1.1871874816087946 1.2677223796697925 1.3367149085080885
74 740 -0.23638750974433315 -0.09150698903339717 0.0968144558783483 0.289319674200489 0.6102933712923263 0.7782385983202449 0.7892242251435597 0.8210795645187305 0.8639808457633338 0.9704769984602519 1.1105002272845597 1.1871874816087946 1.2677223796697925 1.3367149085080885
75 750 -0.23895635946634525 -0.07918965396362662 0.11447665474050737 0.2727625947139166 0.6102933712923263 0.7782385983202449 0.7892242251435597 0.8210795645187305 0.8639808457633338 0.9704769984602519 1.1105002272845597 1.1871874816087946 1.2677223796697925 1.3367149085080885
76 760 -0.23715194926410396 -0.07916915934441349 0.1277111007630501 0.27642424047130615 0.6102933712923263 0.7782385983202449 0.7892242251435597 0.8210795645187305 0.8639808457633338 0.9704769984602519 1.1105002272845597 1.1871874816087946 1.2677223796697925 1.3367149085080885
77 770 -0.2722853768085267 -0.09300185203840886 0.1193005572634456 0.28358016026319444 0.6102933712923263 0.7782385983202449 0.7892242251435597 0.8210795645187305 0.8639808457633338 0.9704769984602519 1.1105002272845597 1.1871874816087946 1.2677223796697925 1.3367149085080885
78 780 -0.33386177482629054 -0.11982788287095927 0.11923284353873488 0.27103823408468614 0.6102933712923263 0.7782385983202449 0.7892242251435597 0.8210795645187305 0.8639808457633338 0.9704769984602519 1.1105002272845597 1.1871874816087946 1.2677223796697925 1.3367149085080885
79 790 -0.34242030967320214 -0.11220925310565635 0.11069330448438161 0.2615464238914963 0.6102933712923263 0.7782385983202449 0.7892242251435597 0.8210795645187305 0.8639808457633338 0.9704769984602519 1.1105002272845597 1.1871874816087946 1.2677223796697925 1.3367149085080885
80 800 -0.33999122018290573 -0.10705076329244428 0.10068518785992418 0.25076661975048736 0.6102933712923263 0.7782385983202449 0.7892242251435597 0.8210795645187305 0.8639808457633338 0.9704769984602519 1.1105002272845597 1.1871874816087946 1.2677223796697925 1.3367149085080885
81 810 -0.34542502111302803 -0.10658672350356845 0.12258171406281018 0.26316021705956516 0.6392143285943929 0.7325126249959018 0.7973585104258584 0.8517844959033356 0.9323670310532818 0.9670259741015566 1.081563042754847 1.1641008771393226 1.2496204937304005 1.3426110805399087
82 820 -0.35200862106863107 -0.10970609323686421 0.12351641823928514 0.2565451347197239 0.6392143285943929 0.7325126249959018 0.7973585104258584 0.8517844959033356 0.9323670310532818 0.9670259741015566 1.081563042754847 1.1641008771393226 1.2496204937304005 1.3426110805399087
83 830 -0.33163554603453654 -0.12929799731677905 0.11506363947872193 0.28308829588062057 0.6392143285943929 0.7325126249959018 0.7973585104258584 0.8517844959033356 0.9323670310532818 0.9670259741015566 1.081563042754847 1.1641008771393226 1.2496204937304005 1.3426110805399087
84 840 -0.3613697546139804 -0.12464840472010497 0.10115959410275295 0.27406199552143073 0.6392143285943929 0.7325126249959018 0.7973585104258584 0.8517844959033356 0.9323670310532818 0.9670259741015566 1.081563042754847 1.1641008771393226 1.2496204937304005 1.3426110805399087
85 850 -0.31452496249484724 -0.1304559962254635 0.07282897337625813 0.28141014179390267 0.6392143285943929 0.7325126249959018 0.7973585104258584 0.8517844959033356 0.9323670310532818 0.9670259741015566 1.081563042754847 1.1641008771393226 1.2496204937304005 1.3426110805399087
86 860 -0.3042706224723033 -0.12294184978597607 0.07660391505855223 0.31996981431207994 0.6392143285943929 0.7325126249959018 0.7973585104258584 0.8517844959033356 0.9323670310532818 0.9670259741015566 1.081563042754847 1.1641008771393226 1.2496204937304005 1.3426110805399087
87 870 -0.29863403427805435 -0.11959702814274806 0.07613392375404064 0.31620467410266184 0.6392143285943929 0.7325126249959018 0.7973585104258584 0.8517844959033356 0.9323670310532818 0.9670259741015566 1.081563042754847 1.1641008771393226 1.2496204937304005 1.3426110805399087
88 880 -0.27693649623030764 -0.14373971797078927 0.0750451572589245 0.32726884898648323 0.6392143285943929 0.7325126249959018 0.7973585104258584 0.8517844959033356 0.9323670310532818 0.9670259741015566 1.081563042754847 1.1641008771393226 1.2496204937304005 1.3426110805399087
89 890 -0.3241126137652784 -0.1436106970705878 0.08249274335760146 0.32587118417286864 0.6392143285943929 0.7325126249959018 0.7973585104258584 0.8517844959033356 0.9323670310532818 0.9670259741015566 1.081563042754847 1.1641008771393226 1.2496204937304005 1.3426110805399087
90 900 -0.2995606974500081 -0.1485823136896361 0.10935011838257963 0.3610680562407706 0.6392143285943929 0.7325126249959018 0.7973585104258584 0.8517844959033356 0.9323670310532818 0.9670259741015566 1.081563042754847 1.1641008771393226 1.2496204937304005 1.3426110805399087
91 910 -0.32266909586106457 -0.14494806109750058 0.08394303855450479 0.327261523288309 0.6219201914543885 0.7221466195970047 0.7769766387737919 0.8254773341174173 0.8829393661884047 0.9858659545425706 1.0598427290429961 1.1733959391930506 1.3145773109930217 1.35161468519513
92 920 -0.30722001649021624 -0.14497474287450232 0.08750238040432863 0.3158816418578543 0.6219201914543885 0.7221466195970047 0.7769766387737919 0.8254773341174173 0.8829393661884047 0.9858659545425706 1.0598427290429961 1.1733959391930506 1.3145773109930217 1.35161468519513
93 930 -0.29623433236066343 -0.1599990207344968 0.10696156856443528 0.3187298886296885 0.6219201914543885 0.7221466195970047 0.7769766387737919 0.8254773341174173 0.8829393661884047 0.9858659545425706 1.0598427290429961 1.1733959391930506 1.3145773109930217 1.35161468519513
94 940 -0.3020690451588102 -0.1671986304756503 0.1186796408761442 0.316372638656372 0.6219201914543885 0.7221466195970047 0.7769766387737919 0.8254773341174173 0.8829393661884047 0.9858659545425706 1.0598427290429961 1.1733959391930506 1.3145773109930217 1.35161468519513
95 950 -0.2867150239472576 -0.1495738379863354 0.1258798425945638 0.33898256222512296 0.6219201914543885 0.7221466195970047 0.7769766387737919 0.8254773341174173 0.8829393661884047 0.9858659545425706 1.0598427290429961 1.1733959391930506 1.3145773109930217 1.35161468519513
96 960 -0.2558126278434224 -0.1435005251473417 0.1094298971910067 0.3627480885453722 0.6219201914543885 0.7221466195970047 0.7769766387737919 0.8254773341174173 0.8829393661884047 0.9858659545425706 1.0598427290429961 1.1733959391930506 1.3145773109930217 1.35161468519513
97 970 -0.25981368801034227 -0.13427515584580627 0.09803651366148096 0.4079217397525588 0.6219201914543885 0.7221466195970047 0.7769766387737919 0.8254773341174173 0.8829393661884047 0.9858659545425706 1.0598427290429961 1.1733959391930506 1.3145773109930217 1.35161468519513
98 980 -0.3024598443466003 -0.1353625721761811 0.10884301983664531 0.4132311631185638 0.6219201914543885 0.7221466195970047 0.7769766387737919 0.8254773341174173 0.8829393661884047 0.9858659545425706 1.0598427290429961 1.1733959391930506 1.3145773109930217 1.35161468519513
99 990 -0.3313352050956481 -0.12606357135319582 0.10865374522008724 0.4153842258727184 0.6219201914543885 0.7221466195970047 0.7769766387737919 0.8254773341174173 0.8829393661884047 0.9858659545425706 1.0598427290429961 1.1733959391930506 1.3145773109930217 1.35161468519513
100 1000 -0.3366602009854462 -0.13752428204966805 0.0999779067344668 0.38715076771706386 0.6219201914543885 0.7221466195970047 0.7769766387737919 0.8254773341174173 0.8829393661884047 0.9858659545425706 1.0598427290429961 1.1733959391930506 1.3145773109930217 1.35161468519513
101 1010 -0.32348649173480487 -0.11613051529575903 0.084324654776659 0.3734405171744453 0.6048808332903206 0.7278575329662397 0.7387573577222822 0.8513197812076067 0.9354664025641521 0.955298282781378 1.0884785309227447 1.18144622470206 1.274522160475097 1.356884355670066
102 1020 -0.3117857246112417 -0.10827937144090473 0.08634145060187265 0.41807161819173994 0.6048808332903206 0.7278575329662397 0.7387573577222822 0.8513197812076067 0.9354664025641521 0.955298282781378 1.0884785309227447 1.18144622470206 1.274522160475097 1.356884355670066
103 1030 -0.3279193761659042 -0.11278596226712678 0.08941520486763925 0.4245152994672389 0.6048808332903206 0.7278575329662397 0.7387573577222822 0.8513197812076067 0.9354664025641521 0.955298282781378 1.0884785309227447 1.18144622470206 1.274522160475097 1.356884355670066
104 1040 -0.3161648468042639 -0.1294377941899548 0.08657015996002716 0.4504535971179774 0.6048808332903206 0.7278575329662397 0.7387573577222822 0.8513197812076067 0.9354664025641521 0.955298282781378 1.0884785309227447 1.18144622470206 1.274522160475097 1.356884355670066
105 1050 -0.34597691359811006 -0.09255334832408293 0.09230878496361074 0.44106062301923166 0.6048808332903206 0.7278575329662397 0.7387573577222822 0.8513197812076067 0.9354664025641521 0.955298282781378 1.0884785309227447 1.18144622470206 1.274522160475097 1.356884355670066
106 1060 -0.34671215244357706 -0.10775014812896927 0.08314221735732757 0.4203363405112523 0.6048808332903206 0.7278575329662397 0.7387573577222822 0.8513197812076067 0.9354664025641521 0.955298282781378 1.0884785309227447 1.18144622470206 1.274522160475097 1.356884355670066
107 1070 -0.35871847248122046 -0.10393035021194941 0.09590422090179282 0.3925840635516414 0.6048808332903206 0.7278575329662397 0.7387573577222822 0.8513197812076067 0.9354664025641521 0.955298282781378 1.0884785309227447 1.18144622470206 1.274522160475097 1.356884355670066
108 1080 -0.34595522813531077 -0.11735584106865422 0.077489142857877 0.37968158426665505 0.6048808332903206 0.7278575329662397 0.7387573577222822 0.8513197812076067 0.9354664025641521 0.955298282781378 1.0884785309227447 1.18144622470206 1.274522160475097 1.356884355670066
109 1090 -0.3520904262787037 -0.11482218236103987 0.08615599035105158 0.3934353478493557 0.6048808332903206 0.7278575329662397 0.7387573577222822 0.8513197812076067 0.9354664025641521 0.955298282781378 1.0884785309227447 1.18144622470206 1.274522160475097 1.356884355670066
110 1100 -0.327022126311624 -0.11477053361206214 0.0731566817208611 0.40387788011486114 0.6048808332903206 0.7278575329662397 0.7387573577222822 0.8513197812076067 0.9354664025641521 0.955298282781378 1.0884785309227447 1.18144622470206 1.274522160475097 1.356884355670066
111 1110 -0.35405123785659814 -0.09216000802751592 0.06394370022437959 0.3995639203871972 0.6329081579534689 0.7470770507520047 0.7600550757814662 0.8375997621905674 0.891200169408441 0.9580492596134506 1.0739825590806789 1.173353123235787 1.2536704051549914 1.3957307635841225
112 1120 -0.34080247835309607 -0.09392213137626196 0.05808391413831451 0.40917501219051355 0.6329081579534689 0.7470770507520047 0.7600550757814662 0.8375997621905674 0.891200169408441 0.9580492596134506 1.0739825590806789 1.173353123235787 1.2536704051549914 1.3957307635841225
113 1130 -0.33805856324277433 -0.10028184429112957 0.05489324422136322 0.408990534999876 0.6329081579534689 0.7470770507520047 0.7600550757814662 0.8375997621905674 0.891200169408441 0.9580492596134506 1.0739825590806789 1.173353123235787 1.2536704051549914 1.3957307635841225
114 1140 -0.3355278560337616 -0.11276135751695968 0.07995289379236216 0.3915983893676487 0.6329081579534689 0.7470770507520047 0.7600550757814662 0.8375997621905674 0.891200169408441 0.9580492596134506 1.0739825590806789 1.173353123235787 1.2536704051549914 1.3957307635841225
115 1150 -0.34359576171325157 -0.10059831965606549 0.07309217665448858 0.4123773320691646 0.6329081579534689 0.7470770507520047 0.7600550757814662 0.8375997621905674 0.891200169408441 0.9580492596134506 1.0739825590806789 1.173353123235787 1.2536704051549914 1.3957307635841225
116 1160 -0.33455532780933017 -0.09202517478103611 0.06621115188560518 0.4090186671055286 0.6329081579534689 0.7470770507520047 0.7600550757814662 0.8375997621905674 0.891200169408441 0.9580492596134506 1.0739825590806789 1.173353123235787 1.2536704051549914 1.3957307635841225
117 1170 -0.3005978126979536 -0.08323986474742523 0.08128667016192376 0.4031707425709277 0.6329081579534689 0.7470770507520047 0.7600550757814662 0.8375997621905674 0.891200169408441 0.9580492596134506 1.0739825590806789 1.173353123235787 1.2536704051549914 1.3957307635841225
118 1180 -0.2982058480688123 -0.09180069338666338 0.07318374636924704 0.3967850855139762 0.6329081579534689 0.7470770507520047 0.7600550757814662 0.8375997621905674 0.891200169408441 0.9580492596134506 1.0739825590806789 1.173353123235787 1.2536704051549914 1.3957307635841225
119 1190 -0.2784818571314153 -0.08785586411581098 0.058414841700315294 0.3927697815880954 0.6329081579534689 0.7470770507520047 0.7600550757814662 0.8375997621905674 0.891200169408441 0.9580492596134506 1.0739825590806789 1.173353123235787 1.2536704051549914 1.3957307635841225
120 1200 -0.26487031957763363 -0.09798477582003386 0.0658565142473349 0.39035828838161685 0.6329081579534689 0.7470770507520047 0.7600550757814662 0.8375997621905674 0.891200169408441 0.9580492596134506 1.0739825590806789 1.173353123235787 1.2536704051549914 1.3957307635841225
121 1210 -0.27612459642937437 -0.0935324689757949 0.07210725534791305 0.4211511165752418 0.672746235452296 0.7386349485965988 0.7888510681061031 0.8932784844394184 0.9166716123471828 0.9735384141454889 1.1137462243506977 1.1431331849105126 1.1937739535332188 1.3495385083236517
122 1220 -0.25933790985279015 -0.10342679368313873 0.06954800771734682 0.43101314906159416 0.672746235452296 0.7386349485965988 0.7888510681061031 0.8932784844394184 0.9166716123471828 0.9735384141454889 1.1137462243506977 1.1431331849105126 1.1937739535332188 1.3495385083236517
123 1230 -0.23792184438737657 -0.09292231730194356 0.07771037754385429 0.412814109878156 0.672746235452296 0.7386349485965988 0.7888510681061031 0.8932784844394184 0.9166716123471828 0.9735384141454889 1.1137462243506977 1.1431331849105126 1.1937739535332188 1.3495385083236517
124 1240 -0.22249325857185637 -0.08543016434125869 0.06807328149982847 0.4027878979654514 0.672746235452296 0.7386349485965988 0.7888510681061031 0.8932784844394184 0.9166716123471828 0.9735384141454889 1.1137462243506977 1.1431331849105126 1.1937739535332188 1.3495385083236517
125 1250 -0.24867722627830238 -0.07987628967077975 0.06663376997469475 0.3754630351770721 0.672746235452296 0.7386349485965988 0.7888510681061031 0.8932784844394184 0.9166716123471828 0.9735384141454889 1.1137462243506977 1.1431331849105126 1.1937739535332188 1.3495385083236517
126 1260 -0.2315353671578336 -0.09892938711648194 0.07245858079585803 0.3761462765716766 0.672746235452296 0.7386349485965988 0.7888510681061031 0.8932784844394184 0.9166716123471828 0.9735384141454889 1.1137462243506977 1.1431331849105126 1.1937739535332188 1.3495385083236517
127 1270 -0.23436347075315367 -0.08633784489400709 0.07243076426311557 0.3791199519653659 0.672746235452296 0.7386349485965988 0.7888510681061031 0.8932784844394184 0.9166716123471828 0.9735384141454889 1.1137462243506977 1.1431331849105126 1.1937739535332188 1.3495385083236517
128 1280 -0.22222919867628585 -0.08373228020004579 0.0750003738478931 0.377335022918974 0.672746235452296 0.7386349485965988 0.7888510681061031 0.8932784844394184 0.9166716123471828 0.9735384141454889 1.1137462243506977 1.1431331849105126 1.1937739535332188 1.3495385083236517
129 1290 -0.2870952734171207 -0.07966086210345336 0.07867687340832603 0.3745337683606391 0.672746235452296 0.7386349485965988 0.7888510681061031 0.8932784844394184 0.9166716123471828 0.9735384141454889 1.1137462243506977 1.1431331849105126 1.1937739535332188 1.3495385083236517
130 1300 -0.296020619097855 -0.07864591141198697 0.06767064414944936 0.3720813273375099 0.672746235452296 0.7386349485965988 0.7888510681061031 0.8932784844394184 0.9166716123471828 0.9735384141454889 1.1137462243506977 1.1431331849105126 1.1937739535332188 1.3495385083236517
131 1310 -0.31176061852470555 -0.06734122561796396 0.0571827998331296 0.376874036101789 0.7068021440378277 0.7117121075019549 0.7986791240023047 0.9266381864149128 0.9579043991218412 1.0009339110115376 1.0452018290627574 1.0987446772781087 1.1893693532570233 1.3651425616833148
132 1320 -0.2904773034384586 -0.06250893856630048 0.04934434847262437 0.3455994975309866 0.7068021440378277 0.7117121075019549 0.7986791240023047 0.9266381864149128 0.9579043991218412 1.0009339110115376 1.0452018290627574 1.0987446772781087 1.1893693532570233 1.3651425616833148
133 1330 -0.2798284632137949 -0.05787775334570479 0.05575295429886269 0.3029796253296323 0.7068021440378277 0.7117121075019549 0.7986791240023047 0.9266381864149128 0.9579043991218412 1.0009339110115376 1.0452018290627574 1.0987446772781087 1.1893693532570233 1.3651425616833148
134 1340 -0.2709099115166065 -0.05710180197583303 0.06092748079219612 0.2792441260250887 0.7068021440378277 0.7117121075019549 0.7986791240023047 0.9266381864149128 0.9579043991218412 1.0009339110115376 1.0452018290627574 1.0987446772781087 1.1893693532570233 1.3651425616833148
135 1350 -0.2499396796465319 -0.06097501373442106 0.05568624697721534 0.28939770288130506 0.7068021440378277 0.7117121075019549 0.7986791240023047 0.9266381864149128 0.9579043991218412 1.0009339110115376 1.0452018290627574 1.0987446772781087 1.1893693532570233 1.3651425616833148
136 1360 -0.2728149622413685 -0.08192772255129868 0.044708095809952136 0.29483493101062347 0.7068021440378277 0.7117121075019549 0.7986791240023047 0.9266381864149128 0.9579043991218412 1.0009339110115376 1.0452018290627574 1.0987446772781087 1.1893693532570233 1.3651425616833148
137 1370 -0.24952843934951602 -0.07419999898317661 0.05263228075782145 0.30144471567879955 0.7068021440378277 0.7117121075019549 0.7986791240023047 0.9266381864149128 0.9579043991218412 1.0009339110115376 1.0452018290627574 1.0987446772781087 1.1893693532570233 1.3651425616833148
138 1380 -0.24717902706006326 -0.059173800964016796 0.046988927937711124 0.3087294263398967 0.7068021440378277 0.7117121075019549 0.7986791240023047 0.9266381864149128 0.9579043991218412 1.0009339110115376 1.0452018290627574 1.0987446772781087 1.1893693532570233 1.3651425616833148
139 1390 -0.22503092127827382 -0.08428042661754787 0.05341272903423322 0.3192264600636116 0.7068021440378277 0.7117121075019549 0.7986791240023047 0.9266381864149128 0.9579043991218412 1.0009339110115376 1.0452018290627574 1.0987446772781087 1.1893693532570233 1.3651425616833148
140 1400 -0.2394816877231338 -0.09268235692774315 0.06540430177887618 0.32291221278756255 0.7068021440378277 0.7117121075019549 0.7986791240023047 0.9266381864149128 0.9579043991218412 1.0009339110115376 1.0452018290627574 1.0987446772781087 1.1893693532570233 1.3651425616833148
141 1410 -0.2479921347822667 -0.10397340039713718 0.07702156656786292 0.3287950917269734 0.6691730658215814 0.7217270998777662 0.7905939029902865 0.9047528780083288 0.9512570467968219 1.0018927013077408 1.0860537605432172 1.1038159650123816 1.1984834987871111 1.358210883951974
142 1420 -0.2644185373972429 -0.09007076068587787 0.06348992039703828 0.31995545422332916 0.6691730658215814 0.7217270998777662 0.7905939029902865 0.9047528780083288 0.9512570467968219 1.0018927013077408 1.0860537605432172 1.1038159650123816 1.1984834987871111 1.358210883951974
143 1430 -0.25311194627981876 -0.10264998015553856 0.07174152761337707 0.31334126580771354 0.6691730658215814 0.7217270998777662 0.7905939029902865 0.9047528780083288 0.9512570467968219 1.0018927013077408 1.0860537605432172 1.1038159650123816 1.1984834987871111 1.358210883951974
144 1440 -0.26455494522251954 -0.10266537060582145 0.07862211104225766 0.3193673348073212 0.6691730658215814 0.7217270998777662 0.7905939029902865 0.9047528780083288 0.9512570467968219 1.0018927013077408 1.0860537605432172 1.1038159650123816 1.1984834987871111 1.358210883951974
145 1450 -0.2584972284452832 -0.0900270535327845 0.08794433786941527 0.3099457298150824 0.6691730658215814 0.7217270998777662 0.7905939029902865 0.9047528780083288 0.9512570467968219 1.0018927013077408 1.0860537605432172 1.1038159650123816 1.1984834987871111 1.358210883951974
146 1460 -0.29957244894100565 -0.09084736555349747 0.08109820230516983 0.3049957921056733 0.6691730658215814 0.7217270998777662 0.7905939029902865 0.9047528780083288 0.9512570467968219 1.0018927013077408 1.0860537605432172 1.1038159650123816 1.1984834987871111 1.358210883951974
147 1470 -0.2742397357475232 -0.08913326927064646 0.0663889816927028 0.3134539049881006 0.6691730658215814 0.7217270998777662 0.7905939029902865 0.9047528780083288 0.9512570467968219 1.0018927013077408 1.0860537605432172 1.1038159650123816 1.1984834987871111 1.358210883951974
148 1480 -0.3031762619967699 -0.08529959534298517 0.06664609955691697 0.3166588384283365 0.6691730658215814 0.7217270998777662 0.7905939029902865 0.9047528780083288 0.9512570467968219 1.0018927013077408 1.0860537605432172 1.1038159650123816 1.1984834987871111 1.358210883951974
149 1490 -0.2712637885270822 -0.07879460021189785 0.0804078059894781 0.3466078320912549 0.6691730658215814 0.7217270998777662 0.7905939029902865 0.9047528780083288 0.9512570467968219 1.0018927013077408 1.0860537605432172 1.1038159650123816 1.1984834987871111 1.358210883951974
150 1500 -0.2534351594132209 -0.0945078389572316 0.07531329454969553 0.3420303689113528 0.6691730658215814 0.7217270998777662 0.7905939029902865 0.9047528780083288 0.9512570467968219 1.0018927013077408 1.0860537605432172 1.1038159650123816 1.1984834987871111 1.358210883951974
151 1510 -0.23243606893236793 -0.08745240363599273 0.08760011679657238 0.3582054281120427 0.675562652971872 0.7622083219256387 0.7734573565340662 0.8612754181244626 0.9763787255539834 0.9928578510552868 1.0531141843296383 1.1450764889091976 1.19928906687135 1.3509240922169479
152 1520 -0.2095644143623252 -0.09204596929665146 0.0853023782335901 0.3651239929123432 0.675562652971872 0.7622083219256387 0.7734573565340662 0.8612754181244626 0.9763787255539834 0.9928578510552868 1.0531141843296383 1.1450764889091976 1.19928906687135 1.3509240922169479
153 1530 -0.20698623748612535 -0.10409238856791252 0.0839167654332517 0.36826744640498055 0.675562652971872 0.7622083219256387 0.7734573565340662 0.8612754181244626 0.9763787255539834 0.9928578510552868 1.0531141843296383 1.1450764889091976 1.19928906687135 1.3509240922169479
154 1540 -0.22158949870440553 -0.1026972798459587 0.09456162655307343 0.3235067203610602 0.675562652971872 0.7622083219256387 0.7734573565340662 0.8612754181244626 0.9763787255539834 0.9928578510552868 1.0531141843296383 1.1450764889091976 1.19928906687135 1.3509240922169479
155 1550 -0.22299492399443516 -0.1083426614025598 0.08506937543282178 0.31625794713269356 0.675562652971872 0.7622083219256387 0.7734573565340662 0.8612754181244626 0.9763787255539834 0.9928578510552868 1.0531141843296383 1.1450764889091976 1.19928906687135 1.3509240922169479
156 1560 -0.25085304446512496 -0.09975281357563122 0.10133073028974948 0.322059184752832 0.675562652971872 0.7622083219256387 0.7734573565340662 0.8612754181244626 0.9763787255539834 0.9928578510552868 1.0531141843296383 1.1450764889091976 1.19928906687135 1.3509240922169479
157 1570 -0.2794377492345948 -0.1052841372364581 0.113597177807641 0.3082487138816514 0.675562652971872 0.7622083219256387 0.7734573565340662 0.8612754181244626 0.9763787255539834 0.9928578510552868 1.0531141843296383 1.1450764889091976 1.19928906687135 1.3509240922169479
158 1580 -0.27698233906978087 -0.10782428232320487 0.11175272613055268 0.2976651744395488 0.675562652971872 0.7622083219256387 0.7734573565340662 0.8612754181244626 0.9763787255539834 0.9928578510552868 1.0531141843296383 1.1450764889091976 1.19928906687135 1.3509240922169479
159 1590 -0.29544746381141285 -0.10463193124995987 0.1117075903103587 0.28832538580351397 0.675562652971872 0.7622083219256387 0.7734573565340662 0.8612754181244626 0.9763787255539834 0.9928578510552868 1.0531141843296383 1.1450764889091976 1.19928906687135 1.3509240922169479
160 1600 -0.2925374487331792 -0.09972632278347734 0.08543320244454772 0.27170311016680454 0.675562652971872 0.7622083219256387 0.7734573565340662 0.8612754181244626 0.9763787255539834 0.9928578510552868 1.0531141843296383 1.1450764889091976 1.19928906687135 1.3509240922169479
161 1610 -0.2749599800800287 -0.10586208828484564 0.09969338237181337 0.2774309788699301 0.6749053339525172 0.7694032964737653 0.8122853829507929 0.8540264530170826 0.9410896776398113 0.9992883635197101 1.0635458448504338 1.1701862443959505 1.1870815331774955 1.3302245824897505
162 1620 -0.2991578823194044 -0.09114167508452442 0.11699515068127585 0.273903432406696 0.6749053339525172 0.7694032964737653 0.8122853829507929 0.8540264530170826 0.9410896776398113 0.9992883635197101 1.0635458448504338 1.1701862443959505 1.1870815331774955 1.3302245824897505
163 1630 -0.31930788733284515 -0.08418688820045324 0.09776784038169038 0.25517032984978105 0.6749053339525172 0.7694032964737653 0.8122853829507929 0.8540264530170826 0.9410896776398113 0.9992883635197101 1.0635458448504338 1.1701862443959505 1.1870815331774955 1.3302245824897505
164 1640 -0.31885245504180065 -0.10444129085955067 0.09755154206539698 0.2735941700168143 0.6749053339525172 0.7694032964737653 0.8122853829507929 0.8540264530170826 0.9410896776398113 0.9992883635197101 1.0635458448504338 1.1701862443959505 1.1870815331774955 1.3302245824897505
165 1650 -0.28877064370226574 -0.09455713622775519 0.11278720614253421 0.26176997605447355 0.6749053339525172 0.7694032964737653 0.8122853829507929 0.8540264530170826 0.9410896776398113 0.9992883635197101 1.0635458448504338 1.1701862443959505 1.1870815331774955 1.3302245824897505
166 1660 -0.2770988864122498 -0.09470378564327786 0.09013191270584947 0.2343093792868657 0.6749053339525172 0.7694032964737653 0.8122853829507929 0.8540264530170826 0.9410896776398113 0.9992883635197101 1.0635458448504338 1.1701862443959505 1.1870815331774955 1.3302245824897505
167 1670 -0.279723865562234 -0.08970007420827107 0.0867186559426921 0.23287754340135622 0.6749053339525172 0.7694032964737653 0.8122853829507929 0.8540264530170826 0.9410896776398113 0.9992883635197101 1.0635458448504338 1.1701862443959505 1.1870815331774955 1.3302245824897505
168 1680 -0.2785960269661553 -0.09623998957487988 0.09182776550398355 0.2415927699948181 0.6749053339525172 0.7694032964737653 0.8122853829507929 0.8540264530170826 0.9410896776398113 0.9992883635197101 1.0635458448504338 1.1701862443959505 1.1870815331774955 1.3302245824897505
169 1690 -0.28078450450444375 -0.08308255402515934 0.07572215465506163 0.2603805362023317 0.6749053339525172 0.7694032964737653 0.8122853829507929 0.8540264530170826 0.9410896776398113 0.9992883635197101 1.0635458448504338 1.1701862443959505 1.1870815331774955 1.3302245824897505
170 1700 -0.26726695831803693 -0.08964326133916209 0.088698761345364 0.2770382580406072 0.6749053339525172 0.7694032964737653 0.8122853829507929 0.8540264530170826 0.9410896776398113 0.9992883635197101 1.0635458448504338 1.1701862443959505 1.1870815331774955 1.3302245824897505
171 1710 -0.2714999568406976 -0.08929527426610556 0.08861741819843197 0.21954441275168493 0.7145583793724716 0.7775896881146916 0.845843162062318 0.8834726987322513 0.9418674096284612 1.0114101468250336 1.066617186122247 1.0963826377371828 1.1968838777384838 1.3063166177919487
172 1720 -0.2776591702504201 -0.08607712328713005 0.07943184117380273 0.21631380027358463 0.7145583793724716 0.7775896881146916 0.845843162062318 0.8834726987322513 0.9418674096284612 1.0114101468250336 1.066617186122247 1.0963826377371828 1.1968838777384838 1.3063166177919487
173 1730 -0.30999804882898424 -0.10068531824716456 0.060332037086817294 0.2117731118870891 0.7145583793724716 0.7775896881146916 0.845843162062318 0.8834726987322513 0.9418674096284612 1.0114101468250336 1.066617186122247 1.0963826377371828 1.1968838777384838 1.3063166177919487
174 1740 -0.3169083711321635 -0.09188476116575366 0.06166401818062403 0.2135002220690774 0.7145583793724716 0.7775896881146916 0.845843162062318 0.8834726987322513 0.9418674096284612 1.0114101468250336 1.066617186122247 1.0963826377371828 1.1968838777384838 1.3063166177919487
175 1750 -0.34398242268980117 -0.07726834061799989 0.049410756801892025 0.2298737107431352 0.7145583793724716 0.7775896881146916 0.845843162062318 0.8834726987322513 0.9418674096284612 1.0114101468250336 1.066617186122247 1.0963826377371828 1.1968838777384838 1.3063166177919487
176 1760 -0.33436004582379286 -0.08128141233829657 0.07521139688804547 0.22931096872899204 0.7145583793724716 0.7775896881146916 0.845843162062318 0.8834726987322513 0.9418674096284612 1.0114101468250336 1.066617186122247 1.0963826377371828 1.1968838777384838 1.3063166177919487
177 1770 -0.3260652429835541 -0.08577931505768743 0.06414912856864713 0.21001023427406118 0.7145583793724716 0.7775896881146916 0.845843162062318 0.8834726987322513 0.9418674096284612 1.0114101468250336 1.066617186122247 1.0963826377371828 1.1968838777384838 1.3063166177919487
178 1780 -0.32736375340823903 -0.07765504499808223 0.07100876220324043 0.1972156232483715 0.7145583793724716 0.7775896881146916 0.845843162062318 0.8834726987322513 0.9418674096284612 1.0114101468250336 1.066617186122247 1.0963826377371828 1.1968838777384838 1.3063166177919487
179 1790 -0.37106454543045947 -0.08413862438663561 0.08323433382527975 0.1831509103164723 0.7145583793724716 0.7775896881146916 0.845843162062318 0.8834726987322513 0.9418674096284612 1.0114101468250336 1.066617186122247 1.0963826377371828 1.1968838777384838 1.3063166177919487
180 1800 -0.3563037284612848 -0.09921898160052928 0.07264067215225628 0.18921555584658986 0.7145583793724716 0.7775896881146916 0.845843162062318 0.8834726987322513 0.9418674096284612 1.0114101468250336 1.066617186122247 1.0963826377371828 1.1968838777384838 1.3063166177919487
181 1810 -0.3365976055617441 -0.09134312037681275 0.08815330044159439 0.18035377172047867 0.7157695115138341 0.7643845169516628 0.8450760922215329 0.8749197077326597 0.9416736212852235 0.9848239287356207 1.0788719553171204 1.102747944921681 1.2489614096024846 1.2756184820308576
182 1820 -0.3180854564892413 -0.08694372072886153 0.08879660703289112 0.20648758603673262 0.7157695115138341 0.7643845169516628 0.8450760922215329 0.8749197077326597 0.9416736212852235 0.9848239287356207 1.0788719553171204 1.102747944921681 1.2489614096024846 1.2756184820308576
183 1830 -0.3481333019512758 -0.09631901803561144 0.0862068840431685 0.19866460606850633 0.7157695115138341 0.7643845169516628 0.8450760922215329 0.8749197077326597 0.9416736212852235 0.9848239287356207 1.0788719553171204 1.102747944921681 1.2489614096024846 1.2756184820308576
184 1840 -0.35608487622279894 -0.08873026939085177 0.06168070319606994 0.20202085229527073 0.7157695115138341 0.7643845169516628 0.8450760922215329 0.8749197077326597 0.9416736212852235 0.9848239287356207 1.0788719553171204 1.102747944921681 1.2489614096024846 1.2756184820308576
185 1850 -0.33107972241276395 -0.0875079009021461 0.07626044724710429 0.18854397768616268 0.7157695115138341 0.7643845169516628 0.8450760922215329 0.8749197077326597 0.9416736212852235 0.9848239287356207 1.0788719553171204 1.102747944921681 1.2489614096024846 1.2756184820308576
186 1860 -0.27008545493562763 -0.10053160023111499 0.0676934682864403 0.17230350656522841 0.7157695115138341 0.7643845169516628 0.8450760922215329 0.8749197077326597 0.9416736212852235 0.9848239287356207 1.0788719553171204 1.102747944921681 1.2489614096024846 1.2756184820308576
187 1870 -0.25229571458424604 -0.0971730436433534 0.0751619430390563 0.17186150964945965 0.7157695115138341 0.7643845169516628 0.8450760922215329 0.8749197077326597 0.9416736212852235 0.9848239287356207 1.0788719553171204 1.102747944921681 1.2489614096024846 1.2756184820308576
188 1880 -0.2709694464093189 -0.09965820057740399 0.07730368759775488 0.17851532889201654 0.7157695115138341 0.7643845169516628 0.8450760922215329 0.8749197077326597 0.9416736212852235 0.9848239287356207 1.0788719553171204 1.102747944921681 1.2489614096024846 1.2756184820308576
189 1890 -0.26117577605759457 -0.09727251739310949 0.0934469553674171 0.18757037321419814 0.7157695115138341 0.7643845169516628 0.8450760922215329 0.8749197077326597 0.9416736212852235 0.9848239287356207 1.0788719553171204 1.102747944921681 1.2489614096024846 1.2756184820308576
190 1900 -0.2709291406199711 -0.10024720708720876 0.08506251392190625 0.17583056897425162 0.7157695115138341 0.7643845169516628 0.8450760922215329 0.8749197077326597 0.9416736212852235 0.9848239287356207 1.0788719553171204 1.102747944921681 1.2489614096024846 1.2756184820308576
191 1910 -0.2963397237383467 -0.1006061155269446 0.08784639559424356 0.1695819364754094 0.7317986462644439 0.7574124795808584 0.789311878092797 0.8951300770234742 0.9579679564613226 0.9989139534398549 1.082994417940363 1.1102205574906285 1.2324156223481728 1.2754134340103727
192 1920 -0.29130974457106107 -0.10560535046376301 0.0666608077744362 0.13616401854918278 0.7317986462644439 0.7574124795808584 0.789311878092797 0.8951300770234742 0.9579679564613226 0.9989139534398549 1.082994417940363 1.1102205574906285 1.2324156223481728 1.2754134340103727
193 1930 -0.2955159642315253 -0.10508817284809663 0.07435735772675581 0.18382184195538004 0.7317986462644439 0.7574124795808584 0.789311878092797 0.8951300770234742 0.9579679564613226 0.9989139534398549 1.082994417940363 1.1102205574906285 1.2324156223481728 1.2754134340103727
194 1940 -0.26518945944707817 -0.10762729974339148 0.08239917939969725 0.17648812879687278 0.7317986462644439 0.7574124795808584 0.789311878092797 0.8951300770234742 0.9579679564613226 0.9989139534398549 1.082994417940363 1.1102205574906285 1.2324156223481728 1.2754134340103727
195 1950 -0.26873759903662636 -0.10745349534372273 0.07821850365714617 0.16444026313232374 0.7317986462644439 0.7574124795808584 0.789311878092797 0.8951300770234742 0.9579679564613226 0.9989139534398549 1.082994417940363 1.1102205574906285 1.2324156223481728 1.2754134340103727
196 1960 -0.30332056198416674 -0.11158308739527734 0.06994675459323559 0.16869793576895056 0.7317986462644439 0.7574124795808584 0.789311878092797 0.8951300770234742 0.9579679564613226 0.9989139534398549 1.082994417940363 1.1102205574906285 1.2324156223481728 1.2754134340103727
197 1970 -0.3349928092299593 -0.10661140443621868 0.07520635815611265 0.18400447154824898 0.7317986462644439 0.7574124795808584 0.789311878092797 0.8951300770234742 0.9579679564613226 0.9989139534398549 1.082994417940363 1.1102205574906285 1.2324156223481728 1.2754134340103727
198 1980 -0.3565522521366211 -0.10661936283635551 0.057364516956052915 0.18642588233833285 0.7317986462644439 0.7574124795808584 0.789311878092797 0.8951300770234742 0.9579679564613226 0.9989139534398549 1.082994417940363 1.1102205574906285 1.2324156223481728 1.2754134340103727
199 1990 -0.35451009743619016 -0.10433461465990891 0.06709256784202529 0.18551581289671193 0.7317986462644439 0.7574124795808584 0.789311878092797 0.8951300770234742 0.9579679564613226 0.9989139534398549 1.082994417940363 1.1102205574906285 1.2324156223481728 1.2754134340103727
200 2000 -0.37883725411557 -0.09886551668723294 0.05944353215043505 0.15821862936638909 0.7317986462644439 0.7574124795808584 0.789311878092797 0.8951300770234742 0.9579679564613226 0.9989139534398549 1.082994417940363 1.1102205574906285 1.2324156223481728 1.2754134340103727
201 2010 -0.40068915595298005 -0.09111661018256359 0.05946412418626178 0.15477458895585877 0.7102814608407583 0.7602787355450896 0.8431214789305743 0.9181780301237014 0.9382733594446931 0.9683879214193745 1.0863125601161334 1.1110760269425022 1.214582243908755 1.2867263737495083
202 2020 -0.39371960964655195 -0.05694503446829433 0.0640710047471069 0.14797495704095062 0.7102814608407583 0.7602787355450896 0.8431214789305743 0.9181780301237014 0.9382733594446931 0.9683879214193745 1.0863125601161334 1.1110760269425022 1.214582243908755 1.2867263737495083
203 2030 -0.3835909826317154 -0.06229128249937098 0.08211227831234227 0.17410615257388737 0.7102814608407583 0.7602787355450896 0.8431214789305743 0.9181780301237014 0.9382733594446931 0.9683879214193745 1.0863125601161334 1.1110760269425022 1.214582243908755 1.2867263737495083
204 2040 -0.3877787040699203 -0.07510914969146862 0.08366371801884473 0.17787412353061 0.7102814608407583 0.7602787355450896 0.8431214789305743 0.9181780301237014 0.9382733594446931 0.9683879214193745 1.0863125601161334 1.1110760269425022 1.214582243908755 1.2867263737495083
205 2050 -0.38290514853801366 -0.07725878563841665 0.07815719076885484 0.16946852041970834 0.7102814608407583 0.7602787355450896 0.8431214789305743 0.9181780301237014 0.9382733594446931 0.9683879214193745 1.0863125601161334 1.1110760269425022 1.214582243908755 1.2867263737495083
206 2060 -0.384445803459637 -0.06404733116953955 0.07581160999030427 0.17015757346031263 0.7102814608407583 0.7602787355450896 0.8431214789305743 0.9181780301237014 0.9382733594446931 0.9683879214193745 1.0863125601161334 1.1110760269425022 1.214582243908755 1.2867263737495083
207 2070 -0.3901740524349882 -0.07086848497127471 0.07764199235414755 0.1868650993602136 0.7102814608407583 0.7602787355450896 0.8431214789305743 0.9181780301237014 0.9382733594446931 0.9683879214193745 1.0863125601161334 1.1110760269425022 1.214582243908755 1.2867263737495083
208 2080 -0.3917388465378375 -0.08938506321971024 0.06746641468664559 0.19362160350240157 0.7102814608407583 0.7602787355450896 0.8431214789305743 0.9181780301237014 0.9382733594446931 0.9683879214193745 1.0863125601161334 1.1110760269425022 1.214582243908755 1.2867263737495083
209 2090 -0.3726412249131011 -0.091659251352143 0.07596024905198129 0.18939023812694622 0.7102814608407583 0.7602787355450896 0.8431214789305743 0.9181780301237014 0.9382733594446931 0.9683879214193745 1.0863125601161334 1.1110760269425022 1.214582243908755 1.2867263737495083
210 2100 -0.37241450385123576 -0.09415559605615369 0.06848232342905872 0.1766580881573373 0.7102814608407583 0.7602787355450896 0.8431214789305743 0.9181780301237014 0.9382733594446931 0.9683879214193745 1.0863125601161334 1.1110760269425022 1.214582243908755 1.2867263737495083
211 2110 -0.4040142467863182 -0.10445710676223567 0.07857208570826664 0.21555916394594407 0.6848991815624834 0.7759226854235737 0.8317518541185951 0.8860985852152093 0.9404661818175829 0.9965419117931618 1.0669985668978033 1.092400638338222 1.2135200748088912 1.3303558765680648
212 2120 -0.4107852491150099 -0.08905369417276232 0.0841326243993473 0.2108541158591556 0.6848991815624834 0.7759226854235737 0.8317518541185951 0.8860985852152093 0.9404661818175829 0.9965419117931618 1.0669985668978033 1.092400638338222 1.2135200748088912 1.3303558765680648
213 2130 -0.42244183665273904 -0.11789590209218376 0.08023230568314654 0.21528516231873093 0.6848991815624834 0.7759226854235737 0.8317518541185951 0.8860985852152093 0.9404661818175829 0.9965419117931618 1.0669985668978033 1.092400638338222 1.2135200748088912 1.3303558765680648
214 2140 -0.4315346924617703 -0.10707397140803962 0.08883070292134297 0.22962178200017622 0.6848991815624834 0.7759226854235737 0.8317518541185951 0.8860985852152093 0.9404661818175829 0.9965419117931618 1.0669985668978033 1.092400638338222 1.2135200748088912 1.3303558765680648
215 2150 -0.44317440204398556 -0.0918888208402555 0.07622774096618423 0.23823707174242423 0.6848991815624834 0.7759226854235737 0.8317518541185951 0.8860985852152093 0.9404661818175829 0.9965419117931618 1.0669985668978033 1.092400638338222 1.2135200748088912 1.3303558765680648
216 2160 -0.48805857725720947 -0.09042483059256166 0.08438511741931477 0.2816989513106321 0.6848991815624834 0.7759226854235737 0.8317518541185951 0.8860985852152093 0.9404661818175829 0.9965419117931618 1.0669985668978033 1.092400638338222 1.2135200748088912 1.3303558765680648
217 2170 -0.4640764193118684 -0.08350433089060938 0.07348381015876791 0.2746478968340695 0.6848991815624834 0.7759226854235737 0.8317518541185951 0.8860985852152093 0.9404661818175829 0.9965419117931618 1.0669985668978033 1.092400638338222 1.2135200748088912 1.3303558765680648
218 2180 -0.46158244683050387 -0.0927418597049195 0.07124671214904031 0.2804184632211556 0.6848991815624834 0.7759226854235737 0.8317518541185951 0.8860985852152093 0.9404661818175829 0.9965419117931618 1.0669985668978033 1.092400638338222 1.2135200748088912 1.3303558765680648
219 2190 -0.46002783320110113 -0.09114775328722677 0.06396801037136314 0.3144683441389224 0.6848991815624834 0.7759226854235737 0.8317518541185951 0.8860985852152093 0.9404661818175829 0.9965419117931618 1.0669985668978033 1.092400638338222 1.2135200748088912 1.3303558765680648
220 2200 -0.45209649304240956 -0.0753557829532015 0.07429942414444261 0.29545571946233556 0.6848991815624834 0.7759226854235737 0.8317518541185951 0.8860985852152093 0.9404661818175829 0.9965419117931618 1.0669985668978033 1.092400638338222 1.2135200748088912 1.3303558765680648
221 2210 -0.4512848243824288 -0.08239066835234365 0.06237209672156693 0.29679873454495176 0.6400133545220293 0.7821291995773046 0.839656918430492 0.8896788270432489 0.9097588814811739 0.9347944963389775 1.110937463262173 1.1368941048328756 1.2358042009164292 1.314032121578248
222 2220 -0.45455736104655436 -0.07705953817856984 0.06711047729365012 0.3067336439304257 0.6400133545220293 0.7821291995773046 0.839656918430492 0.8896788270432489 0.9097588814811739 0.9347944963389775 1.110937463262173 1.1368941048328756 1.2358042009164292 1.314032121578248
223 2230 -0.46250475053940104 -0.09319762362245596 0.06084531957868672 0.30932618145091384 0.6400133545220293 0.7821291995773046 0.839656918430492 0.8896788270432489 0.9097588814811739 0.9347944963389775 1.110937463262173 1.1368941048328756 1.2358042009164292 1.314032121578248
224 2240 -0.4632329634866843 -0.09271753745516588 0.06592466345144926 0.2893229882821812 0.6400133545220293 0.7821291995773046 0.839656918430492 0.8896788270432489 0.9097588814811739 0.9347944963389775 1.110937463262173 1.1368941048328756 1.2358042009164292 1.314032121578248
225 2250 -0.46458672522557953 -0.0909735562028646 0.05879658531353876 0.3145474277570005 0.6400133545220293 0.7821291995773046 0.839656918430492 0.8896788270432489 0.9097588814811739 0.9347944963389775 1.110937463262173 1.1368941048328756 1.2358042009164292 1.314032121578248
226 2260 -0.47379140058385794 -0.09098149541984771 0.056410008765065 0.26926265755097134 0.6400133545220293 0.7821291995773046 0.839656918430492 0.8896788270432489 0.9097588814811739 0.9347944963389775 1.110937463262173 1.1368941048328756 1.2358042009164292 1.314032121578248
227 2270 -0.4629645580692947 -0.08570704601851388 0.06381857720951857 0.2691690409865314 0.6400133545220293 0.7821291995773046 0.839656918430492 0.8896788270432489 0.9097588814811739 0.9347944963389775 1.110937463262173 1.1368941048328756 1.2358042009164292 1.314032121578248
228 2280 -0.4454193549258043 -0.08651294537061016 0.0620472801627603 0.3088314793652941 0.6400133545220293 0.7821291995773046 0.839656918430492 0.8896788270432489 0.9097588814811739 0.9347944963389775 1.110937463262173 1.1368941048328756 1.2358042009164292 1.314032121578248
229 2290 -0.433674007354718 -0.07946730614353129 0.04187150093253214 0.3305457558243009 0.6400133545220293 0.7821291995773046 0.839656918430492 0.8896788270432489 0.9097588814811739 0.9347944963389775 1.110937463262173 1.1368941048328756 1.2358042009164292 1.314032121578248
230 2300 -0.4233260887410685 -0.09420055523800586 0.03187229060787945 0.3401694201898156 0.6400133545220293 0.7821291995773046 0.839656918430492 0.8896788270432489 0.9097588814811739 0.9347944963389775 1.110937463262173 1.1368941048328756 1.2358042009164292 1.314032121578248
231 2310 -0.4100338689561048 -0.08321191772394945 0.034991006089413204 0.32574572651976863 0.6121675207451199 0.7798475511828282 0.8371226284513231 0.8709825635944751 0.893969770333352 0.993021110718188 1.1171088761326131 1.186733891606751 1.197648638778757 1.296841969214149
232 2320 -0.43037515724060943 -0.08335296322626198 0.06395346253303384 0.3095440542053626 0.6121675207451199 0.7798475511828282 0.8371226284513231 0.8709825635944751 0.893969770333352 0.993021110718188 1.1171088761326131 1.186733891606751 1.197648638778757 1.296841969214149
233 2330 -0.436918400977183 -0.07979056508016481 0.055450099542202064 0.2826494294079402 0.6121675207451199 0.7798475511828282 0.8371226284513231 0.8709825635944751 0.893969770333352 0.993021110718188 1.1171088761326131 1.186733891606751 1.197648638778757 1.296841969214149
234 2340 -0.4514665494126967 -0.08127205918503475 0.03997407860650209 0.2772936179191793 0.6121675207451199 0.7798475511828282 0.8371226284513231 0.8709825635944751 0.893969770333352 0.993021110718188 1.1171088761326131 1.186733891606751 1.197648638778757 1.296841969214149
235 2350 -0.42455744243809845 -0.07935828638757922 0.07713030815491914 0.273255959151924 0.6121675207451199 0.7798475511828282 0.8371226284513231 0.8709825635944751 0.893969770333352 0.993021110718188 1.1171088761326131 1.186733891606751 1.197648638778757 1.296841969214149
236 2360 -0.400318090936638 -0.07222135157271353 0.07085476323108851 0.23401449649857686 0.6121675207451199 0.7798475511828282 0.8371226284513231 0.8709825635944751 0.893969770333352 0.993021110718188 1.1171088761326131 1.186733891606751 1.197648638778757 1.296841969214149
237 2370 -0.3855248520788933 -0.07532839584311535 0.07008486700636307 0.23036723917720678 0.6121675207451199 0.7798475511828282 0.8371226284513231 0.8709825635944751 0.893969770333352 0.993021110718188 1.1171088761326131 1.186733891606751 1.197648638778757 1.296841969214149
238 2380 -0.3615945324222588 -0.08239392603290055 0.052981182488725596 0.25832652381597937 0.6121675207451199 0.7798475511828282 0.8371226284513231 0.8709825635944751 0.893969770333352 0.993021110718188 1.1171088761326131 1.186733891606751 1.197648638778757 1.296841969214149
239 2390 -0.3475399805370773 -0.08399037861212957 0.05016226389086545 0.24598645271826827 0.6121675207451199 0.7798475511828282 0.8371226284513231 0.8709825635944751 0.893969770333352 0.993021110718188 1.1171088761326131 1.186733891606751 1.197648638778757 1.296841969214149
240 2400 -0.3404818598893502 -0.07487303461020983 0.06501879012526188 0.26995528064452184 0.6121675207451199 0.7798475511828282 0.8371226284513231 0.8709825635944751 0.893969770333352 0.993021110718188 1.1171088761326131 1.186733891606751 1.197648638778757 1.296841969214149
241 2410 -0.34839318224662785 -0.08650464032973551 0.07010888865557421 0.2699087602240611 0.6872094399278178 0.7900073079075247 0.8741324179755998 0.8841227963756065 0.9155331936469185 0.9795373860854336 1.0774844465461215 1.1467871046788367 1.204621495146368 1.277869388441698
242 2420 -0.4081244108695259 -0.08982006590066617 0.07546116698957604 0.28163903912408134 0.6872094399278178 0.7900073079075247 0.8741324179755998 0.8841227963756065 0.9155331936469185 0.9795373860854336 1.0774844465461215 1.1467871046788367 1.204621495146368 1.277869388441698
243 2430 -0.40629444708134843 -0.08712573632931976 0.07828556738574152 0.3273343555548555 0.6872094399278178 0.7900073079075247 0.8741324179755998 0.8841227963756065 0.9155331936469185 0.9795373860854336 1.0774844465461215 1.1467871046788367 1.204621495146368 1.277869388441698
244 2440 -0.3889908097732847 -0.07585267935461494 0.06310538586876194 0.3267156304093299 0.6872094399278178 0.7900073079075247 0.8741324179755998 0.8841227963756065 0.9155331936469185 0.9795373860854336 1.0774844465461215 1.1467871046788367 1.204621495146368 1.277869388441698
245 2450 -0.3738159639591673 -0.08481722498623834 0.08465649746616269 0.35158484486594543 0.6872094399278178 0.7900073079075247 0.8741324179755998 0.8841227963756065 0.9155331936469185 0.9795373860854336 1.0774844465461215 1.1467871046788367 1.204621495146368 1.277869388441698
246 2460 -0.384442581392679 -0.06978757538070632 0.08101457974200263 0.3594252256630601 0.6872094399278178 0.7900073079075247 0.8741324179755998 0.8841227963756065 0.9155331936469185 0.9795373860854336 1.0774844465461215 1.1467871046788367 1.204621495146368 1.277869388441698
247 2470 -0.3709439629038594 -0.07641093632316606 0.07381172515199162 0.335806427636889 0.6872094399278178 0.7900073079075247 0.8741324179755998 0.8841227963756065 0.9155331936469185 0.9795373860854336 1.0774844465461215 1.1467871046788367 1.204621495146368 1.277869388441698
248 2480 -0.3519055307622938 -0.08223392629154178 0.06585147547745084 0.33514718651471187 0.6872094399278178 0.7900073079075247 0.8741324179755998 0.8841227963756065 0.9155331936469185 0.9795373860854336 1.0774844465461215 1.1467871046788367 1.204621495146368 1.277869388441698
249 2490 -0.3641012587386026 -0.07474279415971252 0.07467009058896326 0.3456511544123832 0.6872094399278178 0.7900073079075247 0.8741324179755998 0.8841227963756065 0.9155331936469185 0.9795373860854336 1.0774844465461215 1.1467871046788367 1.204621495146368 1.277869388441698
