% # columns="iteration, evaluation, sigma, axis ratio, bestever, best, median, worst objective function value, further objective values of best", seed=1118674, Thu May 19 18:52:27 2022, <python>{}</python>
1 10 0.49815152326210155 1.0000450010125153 9.416758963638957 9.4167589636389568e+00 9.541290003647891 9.585803644589976   
2 20 0.5292953729920279 1.2143383474110143 9.407574971832437 9.4075749718324371e+00 9.471800645546152 9.49686488884154   
3 30 0.5697594949604518 1.3509207139192512 9.36395887725951 9.3639588772595097e+00 9.42734126954062 9.534455498318462   
4 40 0.6609092061436412 1.4658411096539505 9.325476476088275 9.3254764760882747e+00 9.392474754210966 9.437386532702325   
5 50 0.7837924823876021 1.547853272686355 9.28448570461064 9.2844857046106402e+00 9.403541674030162 9.482857515376931   
6 60 0.8591562480203139 1.5672943566401865 9.232118751013697 9.2321187510136973e+00 9.356522571138678 9.467383487598115   
7 70 0.9225417550582097 1.602763430652801 9.162779476356834 9.1627794763568335e+00 9.230906583751745 9.507988538120486   
8 80 0.9656747886536505 1.5848031881619573 9.099351881601557 9.0993518816015566e+00 9.143950104103999 9.349604585638305   
9 90 0.9827738000122248 1.6130086823800376 9.01423043038696 9.0142304303869594e+00 9.126394872953336 9.276498221765955   
10 100 1.0713954567358877 1.679456482483136 8.986036710367452 8.9860367103674523e+00 9.095496730714123 9.153892712958912   
11 110 1.2390117615921858 1.9008035599672253 8.888215320336208 8.8882153203362080e+00 9.05835064531591 9.239985522351056   
12 120 1.5551783177623544 1.905573551595966 8.786282488364282 8.7862824883642823e+00 8.946681286169257 9.190481105760394   
13 130 1.8045304106379727 2.0352264537742126 8.681297728667616 8.6812977286676158e+00 8.86868726706218 9.005807416558227   
14 140 2.046427919560281 2.0942562368479702 8.40671500788639 8.4067150078863904e+00 8.766305917961583 8.995218146309995   
15 150 2.446744543053391 2.183027233237885 8.115035991789767 8.1150359917897674e+00 8.55402105989199 8.932653244530334   
16 160 2.882655942179618 2.1884826849356056 7.819589228060057 7.8195892280600567e+00 8.326368229734355 8.766042137307686   
17 170 3.3784366396971293 2.234116834079215 7.44502850333939 7.4450285033393904e+00 8.060389384065537 8.513726705274998   
18 180 3.6611947176903783 2.15951732320965 7.317122378555968 7.3171223785559683e+00 7.816354872063709 7.930465057657803   
19 190 4.230407213205931 2.2490799342050143 6.8555811309247146 6.8555811309247146e+00 7.208236493950191 7.630165883979423   
20 200 5.033224818132876 2.331482465517036 6.539778887092859 6.5397788870928588e+00 7.064672073810004 7.514108343234689   
21 210 6.14068448765023 2.354357316821252 5.817596880937027 5.8175968809370273e+00 6.655727503906016 7.535280564744126   
22 220 7.716586019730009 2.4383503859066438 4.879598369618441 4.8795983696184413e+00 5.886298616971553 6.493143920746162   
23 230 9.597049777876999 2.530705324129036 4.471447063684307 4.4714470636843071e+00 5.698110439762962 6.327730079148379   
24 240 11.979938987765909 2.673715406879376 3.8343734761212294 3.8343734761212294e+00 4.682113958976743 6.037197413213329   
25 250 13.670983213688276 2.7197396564613303 3.8343734761212294 3.9160665186699588e+00 4.424669964176152 6.060987023829355   
26 260 16.115448339508944 2.6551887124156806 3.1995484392649933 3.1995484392649933e+00 4.284234292244832 5.849586193795977   
27 270 19.31047735233105 2.5035589839500387 2.9702073250996524 2.9702073250996524e+00 3.810715191517327 5.311481747464435   
28 280 21.176198422905813 2.4833079840800156 2.9702073250996524 3.3023465598872348e+00 3.8138386885866846 3.9507319401406575   
29 290 21.2627286563915 2.4518273995930406 2.660312126327011 2.6603121263270109e+00 4.4068911468344645 5.555734711237953   
30 300 21.689829536908015 2.4358623220551014 2.2455092413365554 2.2455092413365554e+00 4.320960875353437 5.936253873669622   
31 310 21.620591686439194 2.4183399435559703 1.9878073915931278 1.9878073915931278e+00 3.5229606054597413 4.33954954636622   
32 320 21.869631232619938 2.3361070220395836 1.9129782716219608 1.9129782716219608e+00 3.0343448843945184 3.9254697225089825   
33 330 22.319863285888555 2.4085179651311175 1.9129782716219608 2.2788105343731644e+00 2.8686824149707304 3.7796930087341734   
34 340 20.64224310178872 2.3664057774034726 1.6856996091004273 1.6856996091004273e+00 2.939979647185905 4.008487201645208   
35 350 20.93727094296191 2.4054825537644424 1.6856996091004273 1.8976454888903382e+00 2.7869149005289184 3.0647440912621238   
36 360 21.439505138938586 2.279360193047828 1.5087366171677687 1.5087366171677687e+00 2.336542106900019 3.452486854321819   
37 370 21.429984310623574 2.335647286462706 1.5087366171677687 1.7813718480330838e+00 2.754421369540734 3.220083819709291   
38 380 20.069928645706234 2.262480850266165 1.5087366171677687 1.7561978416971515e+00 2.2246888031302037 3.914047657622419   
39 390 18.73561270742255 2.1636423195734884 1.5087366171677687 1.6594007597185265e+00 2.370125650496086 2.655705097139485   
40 400 17.72054076380045 2.238732472980011 1.5087366171677687 1.6477330622342032e+00 2.149357291943648 2.29509528692427   
41 410 17.97784434191255 2.241590126790081 1.5057464530244937 1.5057464530244937e+00 1.8493411488784601 2.786697725355805   
42 420 17.656187297173346 2.273829920132844 1.402851827829171 1.4028518278291711e+00 1.7628700310394327 2.5201110339011397   
43 430 17.209152818409944 2.2939779176263513 1.402851827829171 1.7435770829218549e+00 2.1173965024362644 2.6139804841593266   
44 440 15.808773544423312 2.278254536764061 1.3169324143946681 1.3169324143946681e+00 1.6485583257298844 2.192014397498361   
45 450 14.554762268260015 2.295651255045004 1.3169324143946681 1.3445915246634788e+00 1.6045122625749215 1.9846199651899106   
46 460 13.65075811212056 2.256962982026817 1.2851376458095303 1.2851376458095303e+00 1.6228124938410513 2.2578121220210177   
47 470 14.635371691364371 2.2884930195304225 1.2251626508112783 1.2251626508112783e+00 1.6158112256574961 1.9748644578519272   
48 480 14.099524681600146 2.1774472913546927 1.2251626508112783 1.2342207348299801e+00 1.3617623223309838 1.6102467761234178   
49 490 13.707632433928556 2.1912519812381417 1.2251626508112783 1.2576876232146823e+00 1.6266769532300294 1.735922914346892   
50 500 13.077358556598067 2.201996748269773 1.1104622872697996 1.1104622872697996e+00 1.4334893653253602 1.7933601645301462   
51 510 11.541852088933034 2.209972476373531 1.1104622872697996 1.2289451796635373e+00 1.4879991797086154 1.7520831767221665   
52 520 10.70879173247474 2.2420838156285217 1.1104622872697996 1.1852666828885401e+00 1.3451273184355057 1.5111336010948748   
53 530 9.387491261813024 2.286618592801809 1.0860124217044063 1.0860124217044063e+00 1.2965779593358786 1.554270276116049   
54 540 8.756633592946612 2.2837888257117336 1.02569948723845 1.0256994872384499e+00 1.2015069116147261 1.3493330696359889   
55 550 8.114779228973276 2.3479106399013365 1.02569948723845 1.0562163686800916e+00 1.1496055898768909 1.2244659981902883   
56 560 8.227951204621899 2.340941625015764 1.02569948723845 1.0643578112983707e+00 1.1234538032669728 1.3747549514964987   
57 570 8.10460624795175 2.2458715558538267 1.0079814632691175 1.0079814632691175e+00 1.0916054028388966 1.2778708371863505   
58 580 7.780799885894444 2.2301099232061548 1.0079814632691175 1.0548244790904993e+00 1.0839672574635695 1.1600858298102623   
59 590 7.589280029936569 2.193625292053481 1.0079814632691175 1.0979762971611668e+00 1.1268190953093906 1.3077152907629894   
60 600 6.931270300730652 2.3022539744255455 1.0079814632691175 1.0444107148594783e+00 1.123124484077572 1.237696352717367   
61 610 6.4728389766879255 2.3084181534561523 1.0079814632691175 1.0270170885401728e+00 1.1537205824396397 1.2042314902701314   
62 620 5.824460160317525 2.299174310715098 1.0079814632691175 1.0547618856895058e+00 1.0992187513466969 1.1340891377938878   
63 630 5.690924620427121 2.2866132345772363 1.0079814632691175 1.0354863923357607e+00 1.0601911056587854 1.1411552408960295   
64 640 5.329970184573833 2.292438897848935 1.0079814632691175 1.0177831742753436e+00 1.051030261099764 1.0954710875115854   
65 650 5.234566430105347 2.260212100094264 1.0079814632691175 1.0183398865640834e+00 1.0419454835922397 1.061794588150094   
66 660 4.88892978270262 2.3191127150439232 1.0079814632691175 1.0207770492761152e+00 1.0383608121866625 1.0531347911643965   
67 670 4.452939024321567 2.3085419199907498 1.0040425795954175 1.0040425795954175e+00 1.0376389066716591 1.0725683510207258   
68 680 4.335578922791713 2.313667462413603 1.0040425795954175 1.0245301734475727e+00 1.0515127009604566 1.1223299929358426   
69 690 4.5770340651907935 2.226511769542887 1.0040425795954175 1.0138666324231864e+00 1.0403356092605376 1.107279042936817   
70 700 4.3876281361779945 2.188049741731282 1.0040425795954175 1.0068639126174455e+00 1.0472416086848515 1.1257973309114804   
71 710 4.261661715126719 2.1738330036262323 1.0040425795954175 1.0089908405562698e+00 1.0352836543910855 1.1544235793589857   
72 720 4.106007873288004 2.2153836383047416 1.0040425795954175 1.0177091418842690e+00 1.0345705250955164 1.0602370070418128   
73 730 4.2575134166682975 2.18430161373358 0.9500358161728488 9.5003581617284882e-01 1.0209382894964685 1.0462338817382837   
74 740 4.063907925750254 2.2384721966155414 0.9500358161728488 1.0148843865698400e+00 1.0410533847361232 1.0838943729930786   
75 750 3.778692333875891 2.178557242058423 0.9500358161728488 1.0176511918615538e+00 1.0355576887609084 1.0487779617882866   
76 760 3.5600272648700497 2.2751607707878247 0.9500358161728488 1.0028255998841866e+00 1.0369831001612162 1.0768003709433134   
77 770 3.2237206483878706 2.2613923279384816 0.9500358161728488 1.0059402021832937e+00 1.029511945946128 1.0467281455337782   
78 780 3.106384510255965 2.2316043556820837 0.9500358161728488 9.8836196930805287e-01 1.0222864123371256 1.0320683871406193   
79 790 3.217431765538252 2.251593441027382 0.9500358161728488 9.5451492236320901e-01 1.0268031733660383 1.0450870749312797   
80 800 2.9588827701213423 2.2243428392933313 0.9500358161728488 1.0152362445352221e+00 1.029862252425572 1.0675794349168606   
81 810 2.754892484430535 2.224615433785075 0.9500358161728488 9.9510355428907882e-01 1.0283029369786183 1.043643327427374   
82 820 2.6927234026901328 2.249789160430341 0.919977908934914 9.1997790893491405e-01 1.0146667118640829 1.028550544439084   
83 830 2.8555179859965043 2.199852300681021 0.919977908934914 9.4671840229803617e-01 1.019906656855574 1.0745237839020387   
84 840 2.934404361799517 2.2616417180188435 0.919977908934914 9.8760762548195080e-01 1.011807573445717 1.0547152415136245   
85 850 2.957749306975078 2.287690586454687 0.8977959044298924 8.9779590442989243e-01 1.0141411151432431 1.031153199735539   
86 860 2.920666394962154 2.2247703758684554 0.8977959044298924 9.9413433969602294e-01 1.0208870894795699 1.0715400343965857   
87 870 2.7569620846606275 2.173292468581775 0.8977959044298924 9.9992872160292179e-01 1.0186944058038274 1.0833927514837571   
88 880 2.5550413167369816 2.136800771186542 0.8977959044298924 9.3459018006548011e-01 1.0204060321154487 1.1087533796679392   
89 890 2.3026026663835295 2.2039288927410583 0.8977959044298924 1.0037868248380979e+00 1.0183050515835517 1.0550280702096555   
90 900 2.206588936764115 2.234913657830263 0.8977959044298924 9.9706286895089269e-01 1.0147894636669295 1.017177383030058   
91 910 2.0600583799214234 2.3026483341035164 0.8977959044298924 1.0033029647145624e+00 1.013641302826049 1.049201474815707   
92 920 1.979901797787976 2.253175670704667 0.8977959044298924 9.9422586995100393e-01 1.0139193945109743 1.0204557452248149   
93 930 2.0568818187958957 2.2358664284931504 0.8144007061926928 8.1440070619269278e-01 1.0181239056176765 1.302768519078062   
94 940 2.166486825917946 2.2117670890090952 0.6813205210879556 6.8132052108795560e-01 1.0128915040925428 1.0996480369969792   
95 950 2.172457884215608 2.189826511324291 0.6813205210879556 8.4218189853618297e-01 1.0032933850359251 1.050705227226063   
96 960 2.102564337148383 2.1824816575608 0.6813205210879556 9.2182478132024281e-01 0.9997070996933192 1.2470101139098888   
97 970 2.056407747089136 2.2301944798884104 0.6813205210879556 9.3630262539915421e-01 1.0074108737386331 1.1715899921946136   
98 980 1.9439175116169052 2.3408550093926253 0.6813205210879556 8.9136968451623921e-01 0.9907541723159823 1.0200992472293111   
99 990 1.841262474594755 2.393169637764585 0.6813205210879556 7.6413560548783788e-01 1.0043654915181104 1.0222614456039345   
100 1000 1.9230080068950717 2.4662222958966495 0.6813205210879556 7.5834946021198335e-01 0.9424454168660096 1.046408417366107   
101 1010 1.9069985643653191 2.4972215962870425 0.6360008558885717 6.3600085588857169e-01 0.923685363081163 1.2139678095052766   
102 1020 1.817485798236537 2.560645579815962 0.6360008558885717 8.3090154165094288e-01 0.9725482771509265 1.1285611306167287   
103 1030 1.6320226740446975 2.6739171575486473 0.6360008558885717 6.6440183574258072e-01 0.9532581462749004 1.0286399497099301   
104 1040 1.4687317353443103 2.718013884616937 0.6076550678863593 6.0765506788635926e-01 0.8971938201446858 1.024810220091223   
105 1050 1.3694156232233676 2.7611971667259696 0.5687002688664431 5.6870026886644309e-01 0.8515422442378686 1.0091361234710587   
106 1060 1.3337482593938819 2.8100705028713238 0.462258437444397 4.6225843744439699e-01 0.8100073009356072 0.9358078355501458   
107 1070 1.2327599476628235 2.798481459932797 0.4114057646067866 4.1140576460678657e-01 0.7153206435943275 0.978894748162844   
108 1080 1.102820579026509 2.706041354697962 0.4114057646067866 4.3505004029434546e-01 0.6180790205413493 0.8488226751023147   
109 1090 1.1388891859042587 2.6320571409822193 0.34074628019072906 3.4074628019072906e-01 0.5526171353576792 0.7170706869212142   
110 1100 1.1204307070720843 2.531179946572025 0.30300496096649365 3.0300496096649365e-01 0.5968306645382694 0.7776741361899072   
111 1110 1.1009446173233577 2.5421294080859007 0.2292674909522302 2.2926749095223020e-01 0.514287022405664 0.6948124375604939   
112 1120 1.0581580549994474 2.5581146616390877 0.2292674909522302 2.4973666279908779e-01 0.48138347410866167 0.5636832278939969   
113 1130 0.9952595187724029 2.4505004963976735 0.11465117966830074 1.1465117966830074e-01 0.3390983817386932 0.6113622213813557   
114 1140 0.9030247199203868 2.4252852774378946 0.11465117966830074 1.6969637821825601e-01 0.3435686907671043 0.49829594081578743   
115 1150 0.8186020849400902 2.3658149183593844 0.05611491870747576 5.6114918707475758e-02 0.2621447256341629 0.7089185452966182   
116 1160 0.7297024099109332 2.4215818282893795 0.05611491870747576 1.2180696395526225e-01 0.26697891017295106 0.5198974447424577   
117 1170 0.7315559249225548 2.3698641902255604 0.05611491870747576 1.0968569325838951e-01 0.30247493988261964 0.46867500038617693   
118 1180 0.7370938753275711 2.376246495435044 0.05611491870747576 7.6837569632584923e-02 0.2676536069099218 0.4412482637764684   
119 1190 0.682819619314317 2.3441251623691426 0.05611491870747576 1.0232118476901098e-01 0.2062119392734264 0.49515369093014516   
120 1200 0.6863965729410413 2.3345806703826377 0.05611491870747576 9.6178325287388899e-02 0.15166451903085976 0.24263848804791255   
121 1210 0.6351265000314639 2.3234934922354187 0.050965196086781295 5.0965196086781295e-02 0.13672136088813647 0.2104975178336197   
122 1220 0.5851225906273347 2.4184677651023807 0.019500938893552422 1.9500938893552422e-02 0.11139952124639718 0.2635821889773362   
123 1230 0.5323970782407949 2.443741475281754 0.019500938893552422 3.8734615674571815e-02 0.09408264144671008 0.276294333676115   
124 1240 0.48635277845366653 2.4377438841951067 0.019500938893552422 4.1611001828293914e-02 0.09080349876478733 0.12997981423715665   
125 1250 0.46228373473819123 2.40097912858979 0.019500938893552422 4.8361271876730116e-02 0.10985922098602052 0.15723223145882337   
126 1260 0.4273233503239232 2.42094186857952 0.019500938893552422 4.2055541093657722e-02 0.08585707011262067 0.12979461845519757   
127 1270 0.3799661674924947 2.4929220940297676 0.019500938893552422 3.4349202189089212e-02 0.05628252808631551 0.09831661979990591   
128 1280 0.34815198742843284 2.4870782311204924 0.019500938893552422 4.1022773753693453e-02 0.06151328743690332 0.10284599023220486   
129 1290 0.3255150897961785 2.4034351276115338 0.019500938893552422 3.9863931639938954e-02 0.07987454720055309 0.1302512249233   
130 1300 0.30145448684623843 2.4737885170563323 0.019500938893552422 2.7194212652545513e-02 0.04005478031601872 0.0579941596417104   
131 1310 0.27786662089810504 2.4546245130529796 0.017054702525653 1.7054702525652998e-02 0.05161559141396599 0.08342919142635585   
132 1320 0.28022206432787095 2.5857091883308447 0.010225763561666046 1.0225763561666046e-02 0.03142654461303307 0.04861578529267674   
133 1330 0.27655873157553296 2.561883121743384 0.010225763561666046 1.1612815700455803e-02 0.02954266971261943 0.048622353280070585   
134 1340 0.25323364385108477 2.5453242969878094 0.00720748481672262 7.2074848167226202e-03 0.019572846698743485 0.036498049336224025   
135 1350 0.24117488431420292 2.595669703274173 0.00720748481672262 7.6322491141155302e-03 0.014144401907798754 0.020955771131838885   
136 1360 0.21724392345375776 2.6801319717918877 0.004422811410811467 4.4228114108114669e-03 0.015812832308670255 0.03263268276518261   
137 1370 0.2003976241663137 2.717945365943521 0.004422811410811467 5.6877122297913640e-03 0.013905885264923312 0.02999702489159861   
138 1380 0.20334635697348236 2.780819404264023 0.004422811410811467 7.2232773083763524e-03 0.015518711703674914 0.020133888371858033   
139 1390 0.19601969554045232 2.7830476518790332 0.004422811410811467 7.9493978083681194e-03 0.014677485501091603 0.020082021015241258   
140 1400 0.1822930546143709 2.7877897727811085 0.0031733791002565015 3.1733791002565015e-03 0.009940535960671015 0.01697916534927557   
141 1410 0.17236564198000218 2.9670905199868103 0.0031733791002565015 4.9446311618566163e-03 0.0077709953212111715 0.012639283993913675   
142 1420 0.1683725969990312 3.0770249328807213 0.0031733791002565015 3.4768513406154833e-03 0.008048008028765596 0.01733151656873322   
143 1430 0.1584762607677393 2.8481555210563796 0.002571846165583702 2.5718461655837022e-03 0.0052904748955096 0.01773620334771575   
144 1440 0.14499163556485556 2.851485976961724 0.0019913454076487813 1.9913454076487813e-03 0.0041202008339751295 0.008805873430611455   
145 1450 0.13010452260879693 2.8978780799063704 0.0016619427427669864 1.6619427427669864e-03 0.004294045074602737 0.0065876603400705225   
146 1460 0.11895050692882018 2.8679079511028918 0.0016619427427669864 1.7180138519728994e-03 0.004641017678978621 0.007484265860605577   
147 1470 0.11606904176925584 2.8403604564418345 0.0016619427427669864 2.0356855012363395e-03 0.005558160249235278 0.007596390114538498   
148 1480 0.11122256426739843 2.841616076811348 0.0015161543396223776 1.5161543396223776e-03 0.0025985331735320916 0.008638873063275931   
149 1490 0.10782507906879064 2.9396231733860247 0.0006580026932185845 6.5800269321858451e-04 0.001891349440438339 0.004257566996142881   
150 1500 0.09588664192566022 2.9325005410563465 0.0006580026932185845 1.1049598855376042e-03 0.00221459021549264 0.003037645221645069   
151 1510 0.09424084437840277 2.8864671480157633 0.0006580026932185845 7.4591511289034962e-04 0.0018667506505818388 0.003173769403922888   
152 1520 0.08898825573954586 3.079622852302851 0.0006580026932185845 6.8789573891103739e-04 0.0016643076633860998 0.0035300902523032196   
153 1530 0.08392175103978174 3.067757285013999 0.0006580026932185845 8.0249741692317578e-04 0.00208458618441143 0.0027761137387347645   
154 1540 0.0786513847153576 3.0929441989926163 0.000478003032294283 4.7800303229428298e-04 0.001289280100804202 0.0023444005859444284   
155 1550 0.07999116675112686 3.1136657557595537 0.000478003032294283 6.7159756951351568e-04 0.0015168086241590384 0.0020222823892631636   
156 1560 0.07708901322622173 3.1380440456244263 0.000478003032294283 8.3341095186473257e-04 0.0018292976204119515 0.002665978814942016   
157 1570 0.07995157865138074 3.0917048766973267 0.000478003032294283 7.4860053452907582e-04 0.0011303567822592564 0.0031455748696851416   
158 1580 0.07673359574669264 3.100176225423635 0.000478003032294283 8.7730451023815270e-04 0.0019277965396237162 0.002771426398619048   
159 1590 0.06718139342381627 3.1253495298013627 0.00042497620931181146 4.2497620931181146e-04 0.0012669833116099039 0.0019344565401012703   
160 1600 0.061535816505753425 3.071546676315342 0.00035754575550506207 3.5754575550506207e-04 0.0008264390326739868 0.0025630932348597035   
161 1610 0.05665126445533466 3.1621518557612047 0.0002731068627744859 2.7310686277448593e-04 0.0010433302043054704 0.0013514368768700047   
162 1620 0.05230677710079583 3.190535768175157 0.000194671560002746 1.9467156000274599e-04 0.0006320432155949574 0.001263948265466719   
163 1630 0.047945972210809276 3.228224867779611 0.00018162326269510753 1.8162326269510753e-04 0.0004250659374950283 0.0009933318947535907   
164 1640 0.048404341049834605 3.266279099297953 0.00018162326269510753 2.3191209647011046e-04 0.00038930888363764016 0.0007897923560611364   
165 1650 0.04776505818961941 3.179587211135687 0.00015443816693216927 1.5443816693216927e-04 0.0004462557428578373 0.0007911877119322064   
166 1660 0.04321152538877405 3.207430583391867 0.0001539468139479805 1.5394681394798049e-04 0.0004586959049156514 0.0009490112896096692   
167 1670 0.04095708731257899 3.1633726567346456 0.00014811448163254415 1.4811448163254415e-04 0.00028353079372156476 0.00048280446472248606   
168 1680 0.037528779275903826 3.1914945292372603 0.00014717496937011187 1.4717496937011187e-04 0.0003064171853226494 0.0009171240749568099   
169 1690 0.03714118122123476 3.2428716426903574 0.00014717496937011187 1.6363309176403718e-04 0.00025164908810870745 0.0004915870905094488   
170 1700 0.03299204027139039 3.2120730332957064 6.305536400774692e-05 6.3055364007746917e-05 0.00030664759456344726 0.0004988026512848798   
171 1710 0.03150622621273818 3.298621533069223 6.305536400774692e-05 1.1125948036538880e-04 0.00015955626155383928 0.0002238105604654983   
172 1720 0.029583158202580073 3.267748932408219 4.3885882390126696e-05 4.3885882390126696e-05 0.00015402018318355637 0.0004049847099639736   
173 1730 0.02838686971827323 3.2524136985818703 3.363948788415172e-05 3.3639487884151720e-05 0.00014047214748946768 0.0002302627722177153   
174 1740 0.027534294825387523 3.1594457724785663 3.018356166217817e-05 3.0183561662178171e-05 9.588387613790328e-05 0.00013708344547858076   
175 1750 0.02570735977965938 3.1182349304334904 3.018356166217817e-05 3.5789274782871416e-05 9.716787388813763e-05 0.00018043678536971974   
176 1760 0.02459816175893352 3.1445802007554526 3.018356166217817e-05 3.0877336059553784e-05 5.391926079589826e-05 0.00019868481883245082   
177 1770 0.022735934701333286 3.229657813261033 3.018356166217817e-05 4.1553817621942102e-05 7.764897232998003e-05 0.00012934792774255133   
178 1780 0.020029401963175913 3.2444152984450794 8.48683211973622e-06 8.4868321197362206e-06 7.325982139205767e-05 0.00010761239564605063   
179 1790 0.017802561184093197 3.1707247399837937 8.48683211973622e-06 9.0315499291504509e-06 3.0077732226629905e-05 9.2345207560518e-05   
180 1800 0.016105567002234308 3.2062441519264504 8.48683211973622e-06 2.1952927092505625e-05 3.359498429955643e-05 4.863062564242071e-05   
181 1810 0.014943402305110818 3.2140206127823934 8.48683211973622e-06 1.2551113120484736e-05 5.0533999942592445e-05 7.240553632570368e-05   
182 1820 0.013873731011233202 3.1643874009431157 8.48683211973622e-06 1.1609874202234138e-05 2.9490423496092433e-05 4.769754669198267e-05   
183 1830 0.012653425862109748 3.2747760489578512 8.48683211973622e-06 1.2100250411872793e-05 2.1940485063876025e-05 3.5086815758034184e-05   
184 1840 0.011529193132693209 3.3344091636825572 6.42516822579875e-06 6.4251682257987497e-06 1.982457626892309e-05 3.8910695260074846e-05   
185 1850 0.010294344594424748 3.346245953688869 6.0285610734567285e-06 6.0285610734567285e-06 1.8267304516594862e-05 3.03000113522911e-05   
186 1860 0.009284024344254226 3.360944739270459 4.011102269774192e-06 4.0111022697741916e-06 1.6079731219642568e-05 2.7458746749142726e-05   
187 1870 0.008668448871798103 3.356430657973793 2.609951560095247e-06 2.6099515600952472e-06 1.1250792484651662e-05 1.4407896275825394e-05   
188 1880 0.007922820643789349 3.5325102652464837 2.4649703032064707e-06 2.4649703032064707e-06 7.115798575596521e-06 1.4793767689313952e-05   
189 1890 0.00738366823841433 3.5179924981584905 2.4649703032064707e-06 2.5160040723060106e-06 6.962533619980782e-06 1.0921606638181203e-05   
190 1900 0.006781380835299228 3.522741039959383 2.4649703032064707e-06 3.3734199599289028e-06 5.054603256282597e-06 8.511161247892751e-06   
191 1910 0.005933527018281976 3.6711352623885682 2.4649703032064707e-06 2.6014221461423404e-06 3.943465131328594e-06 1.0336879518901831e-05   
192 1920 0.005334639272831264 3.6455655717636386 1.6751305780271508e-06 1.6751305780271508e-06 4.986835031695058e-06 9.073827652472666e-06   
193 1930 0.005139718454606809 3.685657876669683 1.5492309792808356e-06 1.5492309792808356e-06 2.6968609005972866e-06 6.109483701055574e-06   
194 1940 0.00515124239233462 3.571179612066488 7.686733719536321e-07 7.6867337195363206e-07 2.471955345861865e-06 5.329801818443336e-06   
195 1950 0.005115229661317822 3.6262707437739876 6.523794278123773e-07 6.5237942781237734e-07 1.8160853547666278e-06 3.4772679601280387e-06   
196 1960 0.0051062310804212635 3.451951014374285 6.523794278123773e-07 1.0277421184090585e-06 1.5886314144175628e-06 2.9746219794013484e-06   
197 1970 0.004772491646025463 3.463501218007688 6.523794278123773e-07 9.0768287464015884e-07 1.709305706754094e-06 4.339429891642155e-06   
198 1980 0.004285809924887992 3.530737685438528 6.16937967046205e-07 6.1693796704620496e-07 2.0551249499956015e-06 2.51680933049947e-06   
199 1990 0.0040596990218224474 3.562880293200243 6.16937967046205e-07 6.9635733979112047e-07 1.4646046020416748e-06 2.3983876766831003e-06   
200 2000 0.0037203903830850386 3.4920377818596924 6.16937967046205e-07 6.2561891311929685e-07 1.533293143229919e-06 2.977456494246411e-06   
201 2010 0.0033882601406256155 3.501114532640139 5.055552169119792e-07 5.0555521691197924e-07 1.251562904314163e-06 2.319050660504196e-06   
202 2020 0.003131287029888678 3.4717622645161135 5.055552169119792e-07 6.8142961162642735e-07 1.160659876542347e-06 2.129525883742822e-06   
203 2030 0.0028462180438527346 3.4024556891908704 5.055552169119792e-07 5.1871791340030171e-07 1.1715904274511857e-06 1.804452726239525e-06   
204 2040 0.002859846301312144 3.424041202292383 2.4228075434784557e-07 2.4228075434784557e-07 7.021069928780932e-07 1.2883987190459578e-06   
205 2050 0.0025698033124273577 3.5047944737859087 1.472562014548373e-07 1.4725620145483731e-07 7.036464878540372e-07 1.122992768332054e-06   
206 2060 0.0022792495982381293 3.3996525065968335 1.472562014548373e-07 2.1580632925122245e-07 3.994135007179267e-07 7.763421328021991e-07   
207 2070 0.0022153128446135034 3.3536085373989675 1.472562014548373e-07 1.7897901261054727e-07 3.684455538444098e-07 5.283954559454074e-07   
208 2080 0.0019918799867652552 3.2614306818383403 1.2520101655422167e-07 1.2520101655422167e-07 3.1140413347952034e-07 9.654059919261826e-07   
209 2090 0.0017701687779563423 3.3094627248872555 1.230452105760449e-07 1.2304521057604489e-07 2.898364555026234e-07 6.066961991679776e-07   
210 2100 0.0015847367496754643 3.3858180808331126 1.1600476546025362e-07 1.1600476546025362e-07 2.6930565122373906e-07 4.4871240856281247e-07   
211 2110 0.0015825399465998744 3.505414101069462 1.0846258224894711e-07 1.0846258224894711e-07 1.9267961459679128e-07 3.7857989654277446e-07   
212 2120 0.0015352986847072183 3.4212167053864833 1.0846258224894711e-07 1.4642363099781619e-07 2.034094639391526e-07 4.4420088252117296e-07   
213 2130 0.0014435428788988766 3.4188929893416544 7.313636052330708e-08 7.3136360523307076e-08 1.7758424530889272e-07 2.8919434202911987e-07   
214 2140 0.001342640024304912 3.3602644987878456 7.313636052330708e-08 1.2364969703693163e-07 2.3959751094260184e-07 4.069810362050674e-07   
215 2150 0.001253794373960135 3.3762998025782935 7.313636052330708e-08 9.4534702510529200e-08 1.402748387446806e-07 2.6802447361529147e-07   
216 2160 0.0011711006807062232 3.3690679918638082 5.814010406446357e-08 5.8140104064463571e-08 1.1148283829420791e-07 1.7402146157419196e-07   
217 2170 0.001083101772765331 3.4226515266959754 5.814010406446357e-08 7.1614799423969089e-08 1.4723325114651686e-07 2.5747971177381146e-07   
218 2180 0.000985587700960611 3.6099811622634554 5.2651168536144155e-08 5.2651168536144155e-08 1.1999665794348857e-07 1.7155438869487227e-07   
219 2190 0.0008995980813004502 3.617200510502228 4.942606857127885e-08 4.9426068571278847e-08 6.674384722682447e-08 1.8924341194104244e-07   
220 2200 0.0007965520251342246 3.7818108964656525 4.942606857127885e-08 5.4296073970228065e-08 9.181120719237157e-08 1.0988491927488298e-07   
221 2210 0.0007101870452732878 3.831597207616629 3.295065165165312e-08 3.2950651651653118e-08 6.224900694906665e-08 8.706586573925534e-08   
222 2220 0.0006587464597440899 4.034096440430038 3.295065165165312e-08 3.4698034112601306e-08 5.2331984967679546e-08 7.382094158181474e-08   
223 2230 0.000649281753913943 4.30416603040787 2.7460002050005983e-08 2.7460002050005983e-08 4.898668370945103e-08 6.95732697009177e-08   
224 2240 0.000633354409489745 4.499725273533126 2.506690333081707e-08 2.5066903330817070e-08 4.356519101023082e-08 6.457714818441929e-08   
225 2250 0.0005877530613681553 4.669229259140564 2.2645719299774214e-08 2.2645719299774214e-08 4.2892523421933504e-08 6.142165343003825e-08   
226 2260 0.0005974819802968252 4.629451354529849 1.2950584493687245e-08 1.2950584493687245e-08 2.2018991741035165e-08 4.673354192519241e-08   
227 2270 0.0006137792277740587 4.514590945466595 1.0004825301557219e-08 1.0004825301557219e-08 3.388322877828642e-08 5.231005262285038e-08   
228 2280 0.0005770284937119336 4.415572327229547 1.0004825301557219e-08 1.1532459764929115e-08 2.2955177314543107e-08 3.345445864777474e-08   
229 2290 0.0005614970249046412 4.637257325298049 1.0004825301557219e-08 1.4461362551898560e-08 2.0803275768699336e-08 3.417947025408097e-08   
230 2300 0.0005031246236712022 4.587940206798061 9.688306823463222e-09 9.6883068234632219e-09 1.5721704382798407e-08 3.037710705200425e-08   
231 2310 0.00044580351640840165 4.494294215274587 7.23310278338829e-09 7.2331027833882899e-09 2.146709265904434e-08 2.9154657466001765e-08   
232 2320 0.0004152419898672687 4.428719325085027 6.705444977050945e-09 6.7054449770509450e-09 1.5652591889292466e-08 2.7046532347085872e-08   
233 2330 0.00040479177180816983 4.41099594717434 6.705444977050945e-09 7.1927467315546778e-09 1.0585381238215064e-08 1.310375574714584e-08   
234 2340 0.00040002095820158113 4.647799270831974 4.537593745190804e-09 4.5375937451908044e-09 7.617074859744832e-09 1.0517909432294914e-08   
235 2350 0.0003968326281303336 4.5325161296238985 2.3622668265943503e-09 2.3622668265943503e-09 7.502513499346719e-09 1.3552416855411309e-08   
236 2360 0.0003835778277578381 4.43706614728469 2.3622668265943503e-09 3.7359308979745265e-09 7.505795096562906e-09 1.5789776153241064e-08   
237 2370 0.0003769381088744939 4.2647172739903905 9.755080077056277e-10 9.7550800770562773e-10 5.9529798868140915e-09 1.312974040601489e-08   
238 2380 0.0003649668661138468 4.306594987259875 9.755080077056277e-10 1.6199509511594101e-09 5.741832342920361e-09 1.225203638544059e-08   
239 2390 0.0003379701848921136 4.320783636904336 9.755080077056277e-10 2.5068845888043256e-09 3.913908974695346e-09 1.232458879396603e-08   
240 2400 0.00030697448279312536 4.364681907866378 9.755080077056277e-10 1.3498306916659430e-09 5.0388476724450015e-09 9.216741481132829e-09   
241 2410 0.00028589440738225664 4.40343529416738 9.755080077056277e-10 2.0286972102212530e-09 3.4827910555534913e-09 6.4381441289285135e-09   
242 2420 0.00025757249096765343 4.338985195311465 8.233562720505461e-10 8.2335627205054607e-10 3.832878125997752e-09 5.319387708091483e-09   
243 2430 0.0002461984474428525 4.226867092285571 8.233562720505461e-10 1.2754347578081138e-09 3.5138443266191643e-09 8.36914293422808e-09   
244 2440 0.00022687339182485242 4.148043504277296 8.233562720505461e-10 1.3480678795474432e-09 2.9049860295060626e-09 5.873623920571447e-09   
245 2450 0.00020841212614931256 4.138502601461591 8.233562720505461e-10 9.4787322435507804e-10 2.615782701553826e-09 4.009439225072242e-09   
246 2460 0.0001912223840524013 4.15996204815609 4.093374528224558e-10 4.0933745282245582e-10 1.5463250679914609e-09 3.538176640560664e-09   
247 2470 0.00016666943560970026 4.121099478064246 4.093374528224558e-10 6.6431682377299239e-10 1.876784505583373e-09 2.49996334744651e-09   
248 2480 0.00014231738797354 4.142467241296327 4.093374528224558e-10 5.2295545671654509e-10 8.37527269759164e-10 1.7465188184573321e-09   
249 2490 0.00013282513614385678 4.102299284661892 4.093374528224558e-10 4.4119141673348850e-10 8.513388882747108e-10 1.7350803016569216e-09   
