% # columns="iteration, evaluation, sigma, void, void,  stds==sigma*sqrt(diag(C))", seed=1118674, Thu May 19 18:52:27 2022, <python>{}</python>
1 10 0.49815152326210155 0 0 0.4916227330198588 0.5281637061148788 0.49045291852125045 0.47336241344005187 0.5137768170834601 0.4977374804262811 0.4952045293336732 0.5042347704734252 0.48899190013311433 0.5131855537251625
2 20 0.5292953729920279 0 0 0.5239676961556969 0.564384026437574 0.5153114237312726 0.5033555460199745 0.5544605819716555 0.5087144782664786 0.5272860930624288 0.5319629704058354 0.522269352913696 0.5733086065104647
3 30 0.5697594949604518 0 0 0.5593883108925043 0.6090570241766002 0.5561253449261534 0.5462607325702081 0.6111094148689643 0.5416140128817069 0.5651931327666457 0.5640384322347767 0.5499159386515367 0.6434085002682315
4 40 0.6609092061436412 0 0 0.6393709340383865 0.6919892504961503 0.6398091445597536 0.6489050828147402 0.7247631936872686 0.6284246435505846 0.6453533046496361 0.6536482710497924 0.639059735901085 0.7873162211822047
5 50 0.7837924823876021 0 0 0.7762956666709722 0.7908999640472998 0.7526276768229229 0.8283489147895851 0.8625468638718471 0.7444665358995096 0.7713990845736586 0.7635596182627064 0.7362379846175399 0.9198813667210881
6 60 0.8591562480203139 0 0 0.8472611039683247 0.9024291918304408 0.8202754069031877 0.923652040259275 0.916546367600475 0.7978083007052778 0.8214106066071408 0.8130323196795377 0.7970894209441095 1.0003376809838376
7 70 0.9225417550582097 0 0 0.8982277378126884 0.9832456624677576 0.8687545477716464 0.9994639259848218 0.955196428335371 0.8605043194574895 0.8780125749360828 0.8782544579877234 0.8458743564929345 1.0491243382681625
8 80 0.9656747886536505 0 0 0.9047855856508029 1.0566450923706936 0.9008275625640834 1.0368329114718962 0.9838442802550756 0.8878863613032674 0.929262637217054 0.9028356858315262 0.8814211801198406 1.0956703053553098
9 90 0.9827738000122248 0 0 0.8984816607144287 1.0865162396408117 0.8965865596910649 1.0546850638635292 0.9863729977068328 0.9304646355794056 0.9512059800014971 0.8909316100279492 0.9044160207318507 1.1300693751620863
10 100 1.0713954567358877 0 0 0.9794983834191466 1.259189246674328 0.9691603983922275 1.1436631767682803 1.0669270347265274 1.0187732984185875 1.040565158863363 0.9677165218221095 0.9814189032424616 1.2977321949135125
11 110 1.2390117615921858 0 0 1.1328549907157286 1.5254396827829215 1.1263518200314975 1.3168958329088798 1.1901701296428475 1.1513690236463547 1.2085289323246546 1.1232684113329585 1.131137081838802 1.4631641097109165
12 120 1.5551783177623544 0 0 1.4706491100942416 1.9325535789265975 1.3847973526158668 1.6811011602102417 1.512810951718139 1.4387487967110495 1.5972714575332019 1.4247317279398621 1.4011732563432782 1.8408778300063968
13 130 1.8045304106379727 0 0 1.732479445525141 2.2671311137861565 1.5825584695118153 1.957797670067155 1.7615344212181347 1.6464855614059415 1.815097592649264 1.6230890661101873 1.625647995444688 2.111538750700416
14 140 2.046427919560281 0 0 1.9031012749301743 2.6599805673193764 1.7618782922892047 2.234835336729105 2.003519233530809 1.8889242635601668 2.0166639060705527 1.804417566814171 1.846335282871108 2.3544645362117067
15 150 2.446744543053391 0 0 2.3065813619067437 3.2112508346431343 2.0766892543608364 2.5957995789928514 2.3443669198089867 2.2342798372918553 2.443985485294718 2.157680364874281 2.2321538475593323 2.7873603497514283
16 160 2.882655942179618 0 0 2.6898062681023465 3.89780340261938 2.4256766885790517 3.0577571934600987 2.6376120481759457 2.6400850080196676 2.892533785149262 2.4927013174255004 2.5960172253062788 3.2991092403325455
17 170 3.3784366396971293 0 0 3.169452380093773 4.383546523385506 2.7747642235923298 3.607831042817812 3.1588593213579017 3.0359525938532985 3.3610578994844675 2.88096486658484 3.0297677582786227 3.8370021621357093
18 180 3.6611947176903783 0 0 3.4057962759782248 4.695996072571216 2.9367270114995185 3.8520061602347533 3.4363423317243353 3.202577376890656 3.6243490494549953 3.1013761297892133 3.2610952219086373 4.096084039047311
19 190 4.230407213205931 0 0 3.8190914738799617 5.515639275209984 3.3602398645397322 4.403772947158869 4.02467503165799 3.7133168349195143 4.087996331400127 3.5850514514021956 3.7734776979407854 4.7790864285870684
20 200 5.033224818132876 0 0 4.589745884123421 6.623806755379577 3.952425709118512 5.289223220785903 4.767202835189897 4.436827407674514 5.106431323935041 4.238168566606743 4.496115442538145 5.641079696639888
21 210 6.14068448765023 0 0 5.633060033033126 8.281850075726416 4.849540839146695 6.377237576748002 5.598807727196773 5.4000631901016 6.137325084303042 5.347390646027105 5.414504055023013 6.929146832196148
22 220 7.716586019730009 0 0 7.10353865583363 10.530581515585585 6.103281881169899 8.06307807215307 6.9847893972947785 6.775903328144132 7.447084204315691 6.790839419826594 6.874664689660837 8.642147528625712
23 230 9.597049777876999 0 0 8.964128794597114 13.083420996488046 7.673014942654136 10.09380426003817 8.757999156740732 8.277235645856265 9.13966692945572 8.421447246725911 8.44474732210126 10.815692530782014
24 240 11.979938987765909 0 0 11.233944133098557 16.55020596571116 9.415501713674521 12.931637228308203 11.017524489601598 10.312814947802964 11.394197177397706 10.54619698190015 10.147539390198473 13.616882730127188
25 250 13.670983213688276 0 0 12.862361037497246 18.197092130453196 10.650848309955002 14.605038843175954 12.380702352473763 11.690185949508109 13.033857949956644 11.770320333688382 11.499479176236838 15.586398032710603
26 260 16.115448339508944 0 0 15.297175935297322 20.610967887313905 12.51075471862949 17.407159587021233 14.279883641414106 13.771374677700027 14.828918347616371 13.994971010242898 13.85394714886847 17.95865247655124
27 270 19.31047735233105 0 0 18.100219402797965 24.395281424198707 14.783632776302197 20.487314648235603 17.116391302049184 16.347614799381127 17.844496008331596 16.563711153070717 16.83625407311091 21.247252512758557
28 280 21.176198422905813 0 0 20.025511620378584 26.20343123483796 15.761491789344044 22.02516532201695 18.960204089399163 17.342386280667768 19.347756021604553 18.206540532496668 17.95148306009072 23.413601225699477
29 290 21.2627286563915 0 0 19.590297332832662 26.21413034505014 15.65101049850318 21.7031407942018 18.95042367592241 17.28763808111424 19.070826317060945 18.361282264613 17.86006957574613 23.36658810144282
30 300 21.689829536908015 0 0 18.975439057621998 26.127991094094817 15.9386971155155 21.966122951978647 19.588393673466346 17.63460933929505 19.595056646640906 19.055036081160246 17.974698224295913 23.514709245368667
31 310 21.620591686439194 0 0 19.39473012779049 25.28819657632156 15.585248252755125 21.807895737081523 19.4807316680616 17.6674724363654 19.026903401129413 19.34530184978138 17.539721231745318 22.894641201126795
32 320 21.869631232619938 0 0 19.28905468832116 25.696466551453856 15.72679716693487 22.03542051457021 19.747962679452897 18.522778772850476 19.674374469896595 19.74279291148902 16.922798483553173 22.716970144188462
33 330 22.319863285888555 0 0 19.504864279471864 25.879335166308916 16.098110268001037 22.008497040012976 20.206174539571567 18.695263204829686 20.256485635123376 21.033731835925085 16.44038797803933 22.882045261167296
34 340 20.64224310178872 0 0 17.737489113163274 23.87331558979607 14.764098185410102 19.79969661922259 18.590026377440495 16.599077011644468 18.524728167080642 19.296419032678394 15.327269523392733 20.92943436054083
35 350 20.93727094296191 0 0 17.74950885536434 22.88299062397444 14.91337153746671 20.242099565890054 18.443780839114396 16.896620139174242 18.721381594491117 19.861409542107044 16.369642421633184 20.967502771631484
36 360 21.439505138938586 0 0 18.178599667052513 23.140080963643683 14.918020219809193 20.30406469286231 18.845506795484354 17.036875705932342 18.628121244053553 21.08084667839885 17.328602856364995 21.248690651875144
37 370 21.429984310623574 0 0 18.539567858309244 22.20631327619329 14.542421272971362 20.11068226896509 18.665800506504592 17.079634565108734 18.49848695713541 21.09624258513006 17.72578174444442 20.828975921187208
38 380 20.069928645706234 0 0 16.87496621913252 20.298464095801606 13.502827660401403 19.054920618491142 17.34553100768269 15.922328564559628 17.324725046163973 19.39365493207051 16.328483505932475 19.361785634186887
39 390 18.73561270742255 0 0 15.788675527066799 19.37882515728397 12.402160135042676 16.954402194523897 16.133604299866818 14.453429313911615 15.979693898976754 18.555126783140658 15.02885264868725 18.10383203201552
40 400 17.72054076380045 0 0 14.870690560479952 17.88739606531403 11.630913738426452 15.652879465018454 15.288571699768914 13.630285177978793 15.072372116840794 17.69388990665374 14.113424949255249 17.159495002896083
41 410 17.97784434191255 0 0 15.099255850817835 17.826435861426784 11.584578364467005 15.875457078338167 16.55787105406758 13.788479085270774 15.410415807254234 17.414104981805178 13.893800743769312 17.29484885533989
42 420 17.656187297173346 0 0 14.679757205999916 17.466670475217402 11.426138437560473 15.591702141973085 16.099014491358542 13.739694917001462 14.924934226537468 16.881696866170238 13.732584679011394 16.939509273668623
43 430 17.209152818409944 0 0 13.97555075412185 16.886622345722657 11.216086126872693 15.256505965490094 15.87369069592756 13.689284621259485 14.33680930683986 16.43126985107343 13.244987265725287 16.26314229148542
44 440 15.808773544423312 0 0 13.008161601374043 15.236256410804161 10.269251793524404 13.935579451276626 14.338290118892687 12.52304294503624 12.984077710928645 15.088870302977282 11.983784198641512 14.648261476795069
45 450 14.554762268260015 0 0 11.980641696207895 13.918571106142258 9.358227420421223 12.790616773177943 13.126903806185439 11.504557340098287 11.569787909546966 13.81479482681557 10.653830803770916 13.37493415921879
46 460 13.65075811212056 0 0 11.283604209854945 12.912123007451354 8.731409091296207 11.99126868772811 11.726483678488528 10.669499013946849 10.714563038099662 13.129210368564365 10.022276667350685 12.347822847018765
47 470 14.635371691364371 0 0 11.936467652928862 13.704680419543916 9.151790508309293 12.874556238910932 12.66024046319388 11.873549839617532 11.396097744865058 13.37527193719823 10.87808386642177 13.215601999594107
48 480 14.099524681600146 0 0 11.287209087259358 13.229465817382318 8.900485590818562 12.089148071531264 12.096788032218655 11.593405191287287 10.877624876918798 12.676948583543595 10.292640583520733 12.794564834730853
49 490 13.707632433928556 0 0 11.192666314396538 12.601464762487867 8.605369861603746 11.59550323474312 11.750946610669153 11.066892722199142 10.552824750127442 12.29239401201878 9.956264918942486 12.266005792513372
50 500 13.077358556598067 0 0 10.633897287900131 11.968093491145387 8.207596769179682 11.314481433543033 10.800170158947743 10.43280232127795 10.065542441358668 11.875639399440292 9.412034985501634 11.26300422698599
51 510 11.541852088933034 0 0 9.386171975613916 10.537883547475229 7.244433296260835 10.237199709363267 9.388199610307343 9.171477242765038 8.86005308281214 10.431753347883209 8.27839551612404 9.556320362023927
52 520 10.70879173247474 0 0 8.821056038268964 9.583585000955415 6.77128787168293 9.606755354349641 8.586779959214535 8.44534229991 7.962779038123186 9.512860113204566 7.68696307709884 8.811738115953524
53 530 9.387491261813024 0 0 7.53512972400849 8.273524555322162 5.943318947345073 8.468192312722374 7.58467827836837 7.1765358266389985 6.784496330915359 8.031312326620386 6.803125264309189 7.71068503104805
54 540 8.756633592946612 0 0 7.053559167713082 7.610352319691536 5.6161411726037525 7.980481380854382 6.965121285317875 6.600205615981503 6.223961754714991 7.270146898070443 6.36440463020137 6.915673784499989
55 550 8.114779228973276 0 0 6.2855736767185295 7.018663137855863 5.155289622545898 7.158875996377226 6.483330084579073 5.916276494506449 5.536967932574471 6.9374656246389055 5.968063836990772 6.407420675862192
56 560 8.227951204621899 0 0 6.430070018528949 7.042551512506935 5.174108968535016 7.077158309097292 6.581747460830517 6.417417517351338 5.545472305021869 7.092791697907428 6.016206034618964 6.263549038146628
57 570 8.10460624795175 0 0 6.561311533682611 6.904032936549437 5.101327480387681 6.892280265201395 6.369161763255325 6.258731044667702 5.445177802746328 6.6494145588514915 5.747753615388897 6.1875327168048795
58 580 7.780799885894444 0 0 6.2594782957953585 6.5265300226511105 4.890902782451636 6.4154241066672055 5.914306722708235 6.000165262093755 5.301736999198305 6.333203345884443 5.507172798043842 5.949793098532528
59 590 7.589280029936569 0 0 6.106399466857455 6.218381740729605 4.677392434360066 6.392136192229428 5.610834697104485 5.866161902403552 5.033982327799392 6.148270570958994 5.341381651418988 5.919850590337457
60 600 6.931270300730652 0 0 5.66369968340487 5.52239233694681 4.176587253921408 5.935736180156585 5.079850806721524 5.2233753453918315 4.508398350658832 5.52387812803843 4.835374513831252 5.359495856090248
61 610 6.4728389766879255 0 0 5.17120544122464 5.052264454785719 4.01954519624409 5.453586821760065 4.798939346643902 4.7007848660558 4.202612667438364 5.139130947155657 4.51222148257874 4.963310625012355
62 620 5.824460160317525 0 0 4.5448531322125305 4.50526502383924 3.6237014825595693 4.842333132980536 4.341404905657793 4.189132030761119 3.6451544970641936 4.563693786820364 4.162692485246859 4.373641585121355
63 630 5.690924620427121 0 0 4.516100068981079 4.384485317299234 3.4883422699900772 4.753627820525031 4.092341233152024 4.116275299850218 3.4993526190082584 4.445834716421028 4.087077324975546 4.2901346290332105
64 640 5.329970184573833 0 0 4.1093194483389945 4.04220760869332 3.2919433454652944 4.4660126959994715 3.6304037471411426 3.8660761188830977 3.290957239287278 4.091380542110623 3.827449720449653 4.0017363731194315
65 650 5.234566430105347 0 0 4.026253300770305 3.942358077427958 3.1405478870151136 4.548453965817646 3.472196400455561 3.7281833711601005 3.325297002216912 3.961978681149944 3.722464471558674 3.980292160025782
66 660 4.88892978270262 0 0 3.7507085815636465 3.620676453482503 2.8475440402451526 4.272475976911748 3.2387547721204433 3.445398794898537 3.1240102480216074 3.6244275700819037 3.4359760456801975 3.759358817719194
67 670 4.452939024321567 0 0 3.352883661754244 3.2662587888405294 2.5827996306360994 3.796246143973065 2.9077171591853546 3.0988076784907497 2.85205824621777 3.243064673239006 3.094335705351185 3.3764705573256437
68 680 4.335578922791713 0 0 3.271216685904546 3.1949024077321555 2.5202319006864853 3.5740962152203974 2.7719688864090313 3.0141057342033073 2.75992765356641 3.1415073757495606 2.9556025821294134 3.2390687639851565
69 690 4.5770340651907935 0 0 3.453728934166742 3.295287865057451 2.7456994994566655 3.6783624424213195 2.8623584256037744 3.167927652578234 2.983549966206406 3.2789389797286335 3.3029625593030474 3.394043402793028
70 700 4.3876281361779945 0 0 3.28290281887811 2.976080266763338 2.5973252160364773 3.4613024288168734 2.7045401328084977 3.0129947575842237 2.869829523622313 3.158978946207868 3.2782253070979577 3.2379876817048188
71 710 4.261661715126719 0 0 3.2150666598703044 2.8985816864803886 2.475703109711459 3.421506997787739 2.5680239465963406 2.865222039780902 2.799447191101686 3.029903363383668 3.2018640980958066 3.139200756770723
72 720 4.106007873288004 0 0 3.1189999252890956 2.717089014123991 2.3573551028750184 3.297483501888375 2.4519287498440976 2.7322264021643514 2.632714770244609 2.9087598299454642 3.0320618113776434 2.890507384907758
73 730 4.2575134166682975 0 0 3.1765309976218563 2.6831016048891216 2.4554326201491334 3.4224586741388037 2.606567445947101 2.8445382730464526 2.7221536014451613 3.075531736470188 3.2185748777510272 3.0186757387416536
74 740 4.063907925750254 0 0 2.9358369194217713 2.5754367529264526 2.313514688064411 3.2262215993972805 2.473489086576169 2.635342388052461 2.601111705775814 2.9645908921993014 3.0390309876046215 2.8640109214036538
75 750 3.778692333875891 0 0 2.5898416557212816 2.3607267077852687 2.1386258986709565 3.0404695806982365 2.3001747169346736 2.5055760443311366 2.4038923099617464 2.764575297144107 2.7996355544040274 2.632502921010814
76 760 3.5600272648700497 0 0 2.441022020181323 2.181856298453574 2.0091111650735445 2.8601388455663885 2.1807807001511694 2.3871979401293295 2.1843888208152245 2.6095148069978835 2.527597364469618 2.4398460128705737
77 770 3.2237206483878706 0 0 2.158197704408175 1.9287363965268993 1.8014963746319081 2.5655001237053945 1.9764352934872633 2.1490563899476354 1.9747749546930167 2.3601712112481423 2.268908324559721 2.172188494800872
78 780 3.106384510255965 0 0 2.113620738482797 1.8682485289663622 1.7131101568478937 2.3842692731780373 1.8659350559342116 2.0299690105958184 1.9051372450866773 2.2514862206117567 2.190165270135419 2.103338423649342
79 790 3.217431765538252 0 0 2.168115092548083 1.951113099016107 1.748233696119274 2.4871640533812234 1.86386420515761 2.222656018887464 1.9595503042047457 2.344013678261982 2.25395520572629 2.1753766855247587
80 800 2.9588827701213423 0 0 1.9813662235902822 1.7880923818192143 1.5777661580119562 2.2618445384488766 1.7211859903720073 2.0084315566296764 1.8036372213501057 2.1524938297139755 2.0389304948637426 2.019083986228872
81 810 2.754892484430535 0 0 1.8165356505847414 1.6873719077679599 1.4437792912942404 2.070364453969415 1.5778838667131212 1.867060809682869 1.6854117344936794 2.000568691934157 1.8299622603805725 1.8698635958564003
82 820 2.6927234026901328 0 0 1.7679223423785637 1.6610749833277423 1.394005208616825 2.036577174460471 1.544773232478509 1.8059548956674392 1.6504993997429658 1.9184446892665037 1.8349360947373499 1.7869362238600384
83 830 2.8555179859965043 0 0 1.8783748684325139 1.7230578028650614 1.4879320874758244 2.149685004032892 1.6161101055732034 1.9082298892925413 1.7362564255867303 2.1604142751702544 1.985312375230482 1.8411729502476522
84 840 2.934404361799517 0 0 1.8360554707316648 1.754767407448333 1.5950745890507663 2.2138126573609163 1.641534046511284 1.955385504321962 1.7732943454681647 2.2019497949956186 2.0339266046547446 1.892283692108641
85 850 2.957749306975078 0 0 1.8267947294521547 1.7574339566941513 1.5994213420543157 2.222154887549827 1.6486818622307253 1.896981061860828 1.7410341318225595 2.2314073508856236 2.050627257695226 1.851348429981452
86 860 2.920666394962154 0 0 1.7815388356225732 1.6567911706165153 1.6413959461842387 2.1732405297988406 1.6712451300068643 1.867643326030326 1.6841334000599186 2.172836555028497 2.015393354599726 1.8429505137949738
87 870 2.7569620846606275 0 0 1.6527766720968038 1.5631121694099372 1.544363770871846 1.9595930516297346 1.560236900328672 1.7525276875135838 1.5709552425241418 2.041214250169271 1.917674947348916 1.7391165852820634
88 880 2.5550413167369816 0 0 1.5259209610925317 1.451634091952931 1.448327905618896 1.8261600878264836 1.4296146863660784 1.6063989369140557 1.4497481856075927 1.8749394690324654 1.7474977952229684 1.6010571753501321
89 890 2.3026026663835295 0 0 1.3576882889372446 1.3111638783501385 1.3069355928225914 1.620014644122146 1.2724390536797385 1.424020818874581 1.2944421323665638 1.6574075795768706 1.594253512116406 1.4239667583893807
90 900 2.206588936764115 0 0 1.2757007457506369 1.2581470905912195 1.2683484693213554 1.5586051017815103 1.2354511065507474 1.3743110545907045 1.2282395663755816 1.6265514100947862 1.5052631295391794 1.346755166066344
91 910 2.0600583799214234 0 0 1.1948350670877983 1.1615461097293338 1.1797971450529752 1.4443069971069187 1.1504115262168557 1.2673837812572895 1.1433672442611325 1.4530073282971092 1.4290546048646615 1.2371996766846964
92 920 1.979901797787976 0 0 1.1599221811575933 1.1084650394727937 1.1131271490960002 1.3520791263770189 1.088388610258312 1.1882314026568044 1.1050296457778002 1.3816784242439124 1.3696590707429714 1.1866460186647028
93 930 2.0568818187958957 0 0 1.2045776328679916 1.1503015118674562 1.1613571667855056 1.4324702422161437 1.1077746825285923 1.2367792697377171 1.1380817666459984 1.4229776833637737 1.4247411409709132 1.2508158357607526
94 940 2.166486825917946 0 0 1.222858454350718 1.2238120024605863 1.218136878062189 1.4991919746840838 1.1691990247293818 1.2738235958098174 1.1946597399531604 1.5133400229028553 1.4902401113198969 1.3567563411299612
95 950 2.172457884215608 0 0 1.2022110115964817 1.225193102105498 1.2127018859165248 1.4824665460574222 1.1619096156823647 1.2469089414297418 1.2109688223398882 1.4942621649917032 1.4869291832987301 1.3655721549978133
96 960 2.102564337148383 0 0 1.160051190855055 1.1818727288748712 1.1832986371077594 1.3937345746706964 1.0788270893246192 1.2354341227576455 1.1596039320201648 1.4293287311383975 1.432530976119586 1.3216054781119755
97 970 2.056407747089136 0 0 1.0965008212578435 1.1588437012010782 1.1816300773797204 1.3224097034328308 1.0476586897976903 1.2154607155352488 1.1024231039771164 1.401446507376967 1.454372384458822 1.2677502840618091
98 980 1.9439175116169052 0 0 1.0195681510061962 1.0786405843090732 1.1167293217723857 1.251949466405044 1.0040701152074392 1.1256471747725456 1.0420391345330529 1.3204951552495305 1.4004347671076518 1.1740462663413067
99 990 1.841262474594755 0 0 0.9587048228292258 1.0070850569638117 1.0706355245698274 1.1974515949448261 0.955298584984845 1.0408150624031005 0.9889965995711397 1.2474663857640729 1.297659011287261 1.1325966459630619
100 1000 1.9230080068950717 0 0 0.9909634711701367 1.0397517511226688 1.115513945656164 1.2625725853096166 0.9689700260497633 1.0936015312022447 1.0339325719306036 1.3086162553412914 1.3581854871173171 1.2332920387355155
101 1010 1.9069985643653191 0 0 0.9333292995530266 1.0172568906078276 1.108487949682416 1.2758968864960394 0.950454189278392 1.0849850299593318 1.0064600626597764 1.2647557283191835 1.328857082596277 1.2563266779693856
102 1020 1.817485798236537 0 0 0.8825764711833455 0.9430685868361081 1.064515186221664 1.1815469282261382 0.8844364528234877 1.0128224845264189 0.9249382796093983 1.2125320670921464 1.3005544182556548 1.220429406026647
103 1030 1.6320226740446975 0 0 0.7805971677419546 0.8441194193757399 0.9593403335319239 1.0411643894509848 0.7702447872422583 0.9004662288599187 0.8328736270593391 1.082217145150403 1.155469035681376 1.0809199393538627
104 1040 1.4687317353443103 0 0 0.6749774799720931 0.7527261634510515 0.8605791994943722 0.9209906993457487 0.690575156357985 0.7958037283435976 0.7480245061693358 0.9692588074077607 1.0535372121018316 0.9645447313180302
105 1050 1.3694156232233676 0 0 0.6176468407367005 0.666585524028031 0.7973336605365887 0.8503575425199461 0.6427691587425396 0.7432955319064081 0.6878242735356116 0.8980098797283443 1.0012349537927396 0.8875515248132346
106 1060 1.3337482593938819 0 0 0.5878964729151533 0.6366999819429516 0.7688469115324971 0.82503041293609 0.6245193761760077 0.7383210643904793 0.6742190966734076 0.8641633812387273 0.9581064999502505 0.8546692098333742
107 1070 1.2327599476628235 0 0 0.5367307243962937 0.59057967757641 0.7088494589405958 0.7583110262155951 0.574814356445798 0.6866602996091064 0.6138247775420578 0.7928881550460231 0.8582083691026665 0.7691426005825157
108 1080 1.102820579026509 0 0 0.4683371980518413 0.5259284879566638 0.6158944461143862 0.6685258571968363 0.5115370411405844 0.6151324066864693 0.5424094737992777 0.696812385291854 0.7508149168269661 0.669378765311785
109 1090 1.1388891859042587 0 0 0.4846742741344183 0.5335428290314063 0.6309601598657714 0.7084560204725002 0.5253079839508276 0.6325048766842909 0.584954627771955 0.7120246039931509 0.7550990855846028 0.6737949365540926
110 1100 1.1204307070720843 0 0 0.4688056918374476 0.5169832689006328 0.6145947742777064 0.6826226063214546 0.5072937635908826 0.5918769992353557 0.6004314214012291 0.6986652966655391 0.7323235693668043 0.6759945869440648
111 1110 1.1009446173233577 0 0 0.4430135342431973 0.5004073083054803 0.6052426014400155 0.6542788600597003 0.4931665891521114 0.5766275582588528 0.5995102524967295 0.6866799125888564 0.7221546479799733 0.6675872499906067
112 1120 1.0581580549994474 0 0 0.42056694976285713 0.4680511596638023 0.5687863417991516 0.6116974321820359 0.4863025844834591 0.558767659756422 0.5788729747755355 0.6651748757418805 0.6884757989632546 0.6185993589546943
113 1130 0.9952595187724029 0 0 0.3894482386750975 0.4253283258750349 0.5220430999114294 0.5646247337372073 0.45808780038197106 0.5279898337019643 0.5463058676084936 0.623428347953815 0.6338209918047499 0.5679522814703931
114 1140 0.9030247199203868 0 0 0.3513167853822046 0.37942320675569235 0.4668626067973317 0.5038364428562925 0.41554944977528196 0.47117997871245115 0.48966809638329556 0.5571243064281408 0.5662830523297877 0.5054902158238624
115 1150 0.8186020849400902 0 0 0.3072468321107862 0.34342898861992116 0.422346080577851 0.45557076862061147 0.3768656744904308 0.41111076252266204 0.4366745739047359 0.5059527610408581 0.5069330098295222 0.4514233190568479
116 1160 0.7297024099109332 0 0 0.2635521642204564 0.30482814603384367 0.37421654446596603 0.39428116491644155 0.33366013499295444 0.35892914066514375 0.382811790129535 0.4549151003619642 0.43503522031034036 0.4004373077061434
117 1170 0.7315559249225548 0 0 0.251630764067888 0.30266572461224606 0.3783603313878284 0.3847484828227517 0.3315123720840096 0.36686156625379107 0.3854927316317728 0.45676038332629776 0.4366358972741167 0.4182062172682301
118 1180 0.7370938753275711 0 0 0.24791917764140192 0.3028647528065357 0.3748091460462009 0.37269612830057114 0.35037017858540126 0.37655158373714986 0.37712173338320654 0.4639527067208877 0.43734644959151514 0.41601753642520445
119 1190 0.682819619314317 0 0 0.22364875360073502 0.2763138122872575 0.3378135377925763 0.34555465834634286 0.32464730326345687 0.35099454819311615 0.3453667424132865 0.42930728366904847 0.4036658681475787 0.3757436361633945
120 1200 0.6863965729410413 0 0 0.22314902862863292 0.2725421490956476 0.33495159458567225 0.34526665163900344 0.33719907187004455 0.36169114346422515 0.34418984809878267 0.42822180631494094 0.3909376990321932 0.3747575187506949
121 1210 0.6351265000314639 0 0 0.2002163613059609 0.2490095899619428 0.29992989415178184 0.32153088634710275 0.3139662285882597 0.3353180167114283 0.3158806023263622 0.3941093224873106 0.3627036524089343 0.3417555992168105
122 1220 0.5851225906273347 0 0 0.18051162726256514 0.2261731839318005 0.2711334902561243 0.2980961623082463 0.28316435055463957 0.30446384968336554 0.28625878159349105 0.3615351984422967 0.3370525657477821 0.31503958095032386
123 1230 0.5323970782407949 0 0 0.1609612745725269 0.2048758697464759 0.24065370457139154 0.268971385169247 0.2496756731482108 0.2734394393339294 0.2590623516276508 0.326064817932145 0.3019470242209864 0.2848791965320895
124 1240 0.48635277845366653 0 0 0.1472446594599859 0.1853599272053847 0.21136851281615437 0.24165964198611117 0.2301556582768783 0.24727455031275222 0.22727347455274818 0.29600080364695963 0.27381584967008993 0.2646315842832451
125 1250 0.46228373473819123 0 0 0.13365729447553784 0.17816875684266675 0.19122227578575635 0.23064438095652245 0.21939285577213755 0.23769603591219013 0.2106605725100993 0.2811518761874187 0.259422576286833 0.24933430255162187
126 1260 0.4273233503239232 0 0 0.12242750967714806 0.1582138978964204 0.17535921275507324 0.21117604800057976 0.20387637501616437 0.21813394575551193 0.19518376801404738 0.2598531057982403 0.23210375687763565 0.22966800225374792
127 1270 0.3799661674924947 0 0 0.10729018948203727 0.14185179265903267 0.15442156164564078 0.1794448327729482 0.17991796646891153 0.19500135088541218 0.17134630679224624 0.22563709553497455 0.20350384584536502 0.2005236461478141
128 1280 0.34815198742843284 0 0 0.09912149896978396 0.13043123492402975 0.13783557872177865 0.160897186037702 0.16064254772625672 0.17307144141368036 0.15454387265894973 0.20551505468124695 0.18419441548327498 0.18140746965646823
129 1290 0.3255150897961785 0 0 0.0910912028290628 0.11965693393759393 0.13097578979373892 0.1491978914822899 0.15826364243516317 0.1640513915751505 0.14234792794516885 0.18822696004313252 0.170801942490252 0.17562865375187428
130 1300 0.30145448684623843 0 0 0.0834636395683413 0.10851293518302323 0.12150874548117287 0.13709872224256442 0.14657473355850942 0.14856603696499662 0.13180477776032892 0.166370160702824 0.15579462998151902 0.16556680204310206
131 1310 0.27786662089810504 0 0 0.07379822191654617 0.10012593980693243 0.1113251823649388 0.1236373387934003 0.13456317360152192 0.1388949924368884 0.12056622989409387 0.1530441876868858 0.14245408265995663 0.15328791740285827
132 1320 0.28022206432787095 0 0 0.07285900603506106 0.10035430473491158 0.11185525967180208 0.12365491041498607 0.13313667983438424 0.13939455460776098 0.1204037492599809 0.15978919071250008 0.14377112658170324 0.1523083455658271
133 1330 0.27655873157553296 0 0 0.0715100680581657 0.09817930553639309 0.10634258154882151 0.12408722032199171 0.13064403760849952 0.1377210715589668 0.11807664030504893 0.1558677754154914 0.14201724911157446 0.1493737509786458
134 1340 0.25323364385108477 0 0 0.06294548259661659 0.0880476707523459 0.09645928066689108 0.11122165599767254 0.1193659184365054 0.12616143460434817 0.1080546743691341 0.14089899090052888 0.129053690567693 0.13590754380773182
135 1350 0.24117488431420292 0 0 0.058712387558704476 0.08370698358258001 0.09288723671251321 0.10564794389636209 0.11132571084130866 0.11769946090615349 0.10473880835466126 0.134561137476337 0.12042793451740391 0.12901068171655963
136 1360 0.21724392345375776 0 0 0.052683089490073526 0.07020254213404295 0.08290582484900896 0.09434081243317792 0.1009736021370332 0.10612681699503111 0.09446936081747104 0.12050913835914917 0.10448490339590338 0.11697989091857282
137 1370 0.2003976241663137 0 0 0.04605102297093369 0.06276196831787526 0.07529744721354738 0.08718988046629131 0.09252682318816981 0.09598691056472104 0.08484211654409297 0.11092059054256452 0.09806575643440295 0.10778920528295176
138 1380 0.20334635697348236 0 0 0.0471966788538384 0.06422317909748557 0.07670869672376399 0.0891549605509335 0.09212613016962848 0.09521935205091447 0.08517209556043794 0.1127596127811862 0.10023955107009855 0.10953315803820883
139 1390 0.19601969554045232 0 0 0.045038349888880745 0.061248860757630724 0.07232526107458119 0.08311756848909278 0.08862687412345177 0.09249777080381483 0.08150637784007163 0.1082948042860482 0.09844207725545286 0.10567406993250797
140 1400 0.1822930546143709 0 0 0.03988367715473014 0.05678785388054375 0.06718367146208441 0.07596758795224426 0.08207917133092739 0.08639504451277519 0.07595532695198932 0.09933738451374978 0.0909649884216318 0.09882419085664083
141 1410 0.17236564198000218 0 0 0.03566695913340178 0.053098315738292365 0.06267257269879947 0.07057963742185629 0.07692499172814886 0.08288778678087365 0.07235923637094792 0.09367779029190133 0.08469821539052064 0.09338273628069096
142 1420 0.1683725969990312 0 0 0.036423462788116936 0.051927643342324574 0.060412586953475726 0.06856973315963096 0.07498079134808168 0.0807482107085893 0.06907122466990612 0.08604792698484029 0.08295981571393975 0.0874710803905373
143 1430 0.1584762607677393 0 0 0.034119035818145904 0.04848514428929886 0.056692812303625384 0.0628660628788609 0.07010933357586355 0.075408306737328 0.06570419785202045 0.08126873109756058 0.07676157571934476 0.08161425335568105
144 1440 0.14499163556485556 0 0 0.031138603011694636 0.04404241959838946 0.05164458987498687 0.057397549870055284 0.06306863025946534 0.07063836093207647 0.05783066698335306 0.07235740314719126 0.0693807301485609 0.07498029510146369
145 1450 0.13010452260879693 0 0 0.027604660372301283 0.038580615033532425 0.04525461149503622 0.05027894025003622 0.056348513554217064 0.06277161245266177 0.052475249824309234 0.06394936354410742 0.06130973734268576 0.06651881149356355
146 1460 0.11895050692882018 0 0 0.025462449163830267 0.033859354008414735 0.04039776659729714 0.04563647602395987 0.05188156068020819 0.057945853394341836 0.04728997449021685 0.05843520840015882 0.05357282549706088 0.06064326095994349
147 1470 0.11606904176925584 0 0 0.025050979617516782 0.03301993188847057 0.03963824655646064 0.044721347326148526 0.048160586997349666 0.05706177663988969 0.04565573723597627 0.056387049701137795 0.0525971338535321 0.0599145680956592
148 1480 0.11122256426739843 0 0 0.023293228696297803 0.03169061700014959 0.03649647466553183 0.04214648642569424 0.04490597928052427 0.05500659649597949 0.043659789006109714 0.054135289099064274 0.05213698370887415 0.05676716095634271
149 1490 0.10782507906879064 0 0 0.022160254030070645 0.031153709894489838 0.03506027150561867 0.04009547495145359 0.04136695108412723 0.05291993164887718 0.04168934498521029 0.0536792005207472 0.04961852560866355 0.05506009955420522
150 1500 0.09588664192566022 0 0 0.019761516545453724 0.027408208269105665 0.031178549389512148 0.03523645344846282 0.03648118830816632 0.04732380382444477 0.03677821027505795 0.04710457457201733 0.04299647345088604 0.047844852115908436
151 1510 0.09424084437840277 0 0 0.01869789044245103 0.026344249844147346 0.030467808197051725 0.03436640728438796 0.036003276188716814 0.04588693640151758 0.035736805397688386 0.04608092723134146 0.04284970562635265 0.049364024348747385
152 1520 0.08898825573954586 0 0 0.01734930310683329 0.024401738951230444 0.02891656309417284 0.032053874008816284 0.03372896214807594 0.04363772557962102 0.03294570886343717 0.04317062054901665 0.03998324500311603 0.04606204993450786
153 1530 0.08392175103978174 0 0 0.016426588344759477 0.022326051734809046 0.02711719439854185 0.030009346449998992 0.031783236050403216 0.040906973638066536 0.029931577221031354 0.04142476028526442 0.03807276258030765 0.04342182577657104
154 1540 0.0786513847153576 0 0 0.015218539633260298 0.02102850005878847 0.0248753996793572 0.028222307952253767 0.029764975502567688 0.03783100343464487 0.02737718825177695 0.03844583001571256 0.03563646853210557 0.03887779523692776
155 1550 0.07999116675112686 0 0 0.015513343676610898 0.021114400193788938 0.02540024306608976 0.028826687808871442 0.03077602608800875 0.0385009186792447 0.029084688122348615 0.0399305848425448 0.0352855321897387 0.038790126667392566
156 1560 0.07708901322622173 0 0 0.014994927637960054 0.02003558342081842 0.02462350297876059 0.02753676571734032 0.029306741839265373 0.03684374709108674 0.026808786522692765 0.038659543016601065 0.034446125734087826 0.03656574144020176
157 1570 0.07995157865138074 0 0 0.015510026828310777 0.02142095274405162 0.02472117087863182 0.028138761317941283 0.030183114805068977 0.037975898338341856 0.028043746486298315 0.03952816183983992 0.035507982665688255 0.03795912068470385
158 1580 0.07673359574669264 0 0 0.014547636270721939 0.020422077410730734 0.023105987210751137 0.027272406835195585 0.028934850460540434 0.036257652581968426 0.027048224318680387 0.037372701484842265 0.03368981153171579 0.03689309653955302
159 1590 0.06718139342381627 0 0 0.012781184592376985 0.017400369927439794 0.02001217173509193 0.023522758667608747 0.024837902406915573 0.032072852816123834 0.022966686842256775 0.032811915882012675 0.029435510330183264 0.0318261831299444
160 1600 0.061535816505753425 0 0 0.011305601972936962 0.015976094626185735 0.017582098545241627 0.021558407405510845 0.02294217548828841 0.029092471309595632 0.02047686443579276 0.029428531943477335 0.027285142636377498 0.028871901984533044
161 1610 0.05665126445533466 0 0 0.010079348116774259 0.014456109168629914 0.01599545547140851 0.01956583341220351 0.02092251780897912 0.026135703400090724 0.01877280660038063 0.0266369491606682 0.024963993677610295 0.02668914900005289
162 1620 0.05230677710079583 0 0 0.009167079760386042 0.013161179535096585 0.014676997034422282 0.017978946119273368 0.018973216754640195 0.02330588688974742 0.017717507645334172 0.023921640185353244 0.022968212112777206 0.02469737179761735
163 1630 0.047945972210809276 0 0 0.008146758340634648 0.011641335730604723 0.013444861759609721 0.016388983667040485 0.017290895889686502 0.021125397116507114 0.01634341873608219 0.02148054874013892 0.020848712697741797 0.022389475928473058
164 1640 0.048404341049834605 0 0 0.00822282212653933 0.011659041487118958 0.013680408970824022 0.016828678961453732 0.017638608656208594 0.0216409688698449 0.016464796904454827 0.02123776802933263 0.020453067136578844 0.022422654042956475
165 1650 0.04776505818961941 0 0 0.008018835910507064 0.011251090332687345 0.013247251185907728 0.01671278709750991 0.017632402268285923 0.021163506804957297 0.016255361399010723 0.021488650120087036 0.019447757966340146 0.021720607608869368
166 1660 0.04321152538877405 0 0 0.007143663252474827 0.010135282112678985 0.011730345024489467 0.014901913914800231 0.015718450723246617 0.018817212338863243 0.01426384776609157 0.01950712058560602 0.017654772958491168 0.019634908215101853
167 1670 0.04095708731257899 0 0 0.00672277787257913 0.009353588372537821 0.011056000644898945 0.013900279503646324 0.014803065124167448 0.01776310626739176 0.013304348845572763 0.018219329111233463 0.017273829430301174 0.018304412814837724
168 1680 0.037528779275903826 0 0 0.006099009123460982 0.008542936637008504 0.010074788424519707 0.012760291924248239 0.013287796564378552 0.0160877383394836 0.012022190075173701 0.016556784149229252 0.015853853468158943 0.016570141132252036
169 1690 0.03714118122123476 0 0 0.006140478975463747 0.008179986028086353 0.009866366359249349 0.012400568960078495 0.01324287121302247 0.016058270860378275 0.011397245962534273 0.016573660282634652 0.01560192351303242 0.016400517338686728
170 1700 0.03299204027139039 0 0 0.005325342106078127 0.007267204645513248 0.008782229330700438 0.010685896723216693 0.011562320349230252 0.013929990125598878 0.010114482219576148 0.014677668274398871 0.013946803735270033 0.014495065725237505
171 1710 0.03150622621273818 0 0 0.005082884968864494 0.006942212478421167 0.008350520125723017 0.010201844499741236 0.010758265701958368 0.013235044588301262 0.009551790275457708 0.013612588673104165 0.013179525366717917 0.0137964066449563
172 1720 0.029583158202580073 0 0 0.004770512518353592 0.0063523549938621 0.007771535097182393 0.009620127302168102 0.010246064655948604 0.012101071294941588 0.008730293946105043 0.012676195624292058 0.012168528842601504 0.012906749945714224
173 1730 0.02838686971827323 0 0 0.004631632143166811 0.006041970421167209 0.007342982597494848 0.00922570110639796 0.009781145493133228 0.011403240524530454 0.00827549964714417 0.012345353713538556 0.010977734039939593 0.01230105256978918
174 1740 0.027534294825387523 0 0 0.004500535701800008 0.005846427515481436 0.007044243755630002 0.008623424059185593 0.009289842942227226 0.011040926555156446 0.008112965248522855 0.011743756661253747 0.010637929179083983 0.011873013845342907
175 1750 0.02570735977965938 0 0 0.00415270747177668 0.005413182596397864 0.0065415278648048025 0.008028628803961978 0.00872650887178272 0.009851977995436604 0.007536537702649228 0.010939982246489505 0.009749161965423792 0.011050516962713083
176 1760 0.02459816175893352 0 0 0.0037983819214879935 0.005115081542876369 0.006267032578170122 0.007722346294123454 0.008201216026621409 0.00949555596182344 0.007198917723938011 0.01028618581809305 0.0093009753594173 0.010272479034088754
177 1770 0.022735934701333286 0 0 0.0034231642075460275 0.004677472320915819 0.005788601015557237 0.007060209220656491 0.007633564303108513 0.008613219070629617 0.006563036207878113 0.009339616516274688 0.00851143540236904 0.009369062271022334
178 1780 0.020029401963175913 0 0 0.002997439225112561 0.004133791731283472 0.005132768073610722 0.006160877480549509 0.006635240858736477 0.00755319008171067 0.005719652180662422 0.007979563452819112 0.0072784760154165126 0.008180582562404917
179 1790 0.017802561184093197 0 0 0.0026434599852144538 0.0036806507995990807 0.004417612760129865 0.005314940267787259 0.0058654643133933156 0.006603966829097945 0.005029711553882429 0.007033752695032072 0.006447510984533182 0.007295677860319328
180 1800 0.016105567002234308 0 0 0.00238472049041982 0.0032776919749144652 0.004089841790414713 0.004758573143014329 0.005277230354791888 0.00588849195180048 0.004607434692111501 0.006050699827161562 0.005814810132392958 0.0065010812799687605
181 1810 0.014943402305110818 0 0 0.0021921202507573334 0.0029555647323760074 0.0038094986163204835 0.004455128630767647 0.00486393535772029 0.005427540733231978 0.00441915531446427 0.0053851434453015355 0.005376953034207341 0.00582438561196452
182 1820 0.013873731011233202 0 0 0.002023248913475061 0.0026844081691109706 0.003411828075778893 0.0040660219598359516 0.0044547600358348744 0.004995479154628914 0.004180499739333428 0.004956705842238167 0.005092755880262467 0.005368062042491795
183 1830 0.012653425862109748 0 0 0.0018165158642114928 0.0024000840826425575 0.0031135406755281956 0.0036524779616497337 0.00398747461520116 0.004535468266006741 0.0038829920833773207 0.004522448389224924 0.004598558797381316 0.004840382725583236
184 1840 0.011529193132693209 0 0 0.0015812554750067288 0.0022042841964108858 0.002827440758047535 0.003368372603307841 0.0036282890809088606 0.004125150930533221 0.0034638418347163065 0.0038224257840223353 0.004206811045512686 0.004410921526113519
185 1850 0.010294344594424748 0 0 0.001381587471048317 0.0019327333222393295 0.0024658043646784344 0.0030232041159014753 0.0031792242840743236 0.003564045926164507 0.0031283346651763814 0.0033942916375172927 0.0037497614985143018 0.003865431286206986
186 1860 0.009284024344254226 0 0 0.0012395777863182702 0.0016721174182595608 0.0021825738816097368 0.002701755996446012 0.0028401326610371005 0.0030338607725583625 0.002824697140349702 0.003054285762832775 0.0033817674994214343 0.003520116577652918
187 1870 0.008668448871798103 0 0 0.0011142093073373339 0.0015374042928057662 0.001986054688479451 0.002495363790975712 0.0026567366151851344 0.0028112634650788435 0.002651077174969697 0.0029207543054438263 0.003115017809436037 0.0032814708742596
188 1880 0.007922820643789349 0 0 0.0010208028695046106 0.001389003192778733 0.001765493771577721 0.002265045496238304 0.0023807080376952263 0.0025397213614592735 0.002399489322810638 0.0026582015231943474 0.002828249654191409 0.002936077483495464
189 1890 0.00738366823841433 0 0 0.0009481272727613909 0.0012552182813905688 0.001641035406696863 0.002069493586785185 0.0022070569622522716 0.002299005112867366 0.002220055792605213 0.002453593456277066 0.002614280694006819 0.0027397698729717964
190 1900 0.006781380835299228 0 0 0.0008417948266084205 0.0011346883274095981 0.0015072276453241115 0.0018670063043076048 0.002004931728857975 0.0021017497884640046 0.0020428542607673398 0.002226092142461415 0.0024380000684350333 0.0024806321436806134
191 1910 0.005933527018281976 0 0 0.0007238829455772568 0.0009869910503608951 0.001292764233510977 0.001642511091713928 0.0017432115915410875 0.0018069692415704928 0.00179709226733223 0.0019004553759397929 0.0021059866828906813 0.002152276921336694
192 1920 0.005334639272831264 0 0 0.0006356556797637205 0.0008828928521729487 0.0011546934922217723 0.001437825373415096 0.0015301557551650562 0.0016411431887061038 0.001621841356011958 0.0016738623270863258 0.0019209697889951622 0.0019035806712267
193 1930 0.005139718454606809 0 0 0.0006121417828277991 0.0008582720189428321 0.0011053806167742888 0.0013611737016447853 0.001514403112762216 0.0015687167598126199 0.001524003851440006 0.001602563561755978 0.0018157669130436798 0.001797434091113485
194 1940 0.00515124239233462 0 0 0.000613998965980284 0.0008484365807045056 0.0011088057882266277 0.0013338981505326465 0.0015052761844440588 0.0015333655354152285 0.0015301370343393668 0.001688146268979828 0.001807181782509598 0.001786902759836282
195 1950 0.005115229661317822 0 0 0.0006155706561348534 0.0008320716941158622 0.001096636431492284 0.0013156272996877165 0.001498460657223104 0.001516996131416915 0.0015048761260202357 0.0016517762467518904 0.0017137989064328954 0.0017531897944742447
196 1960 0.0051062310804212635 0 0 0.0006234249846229043 0.0008143519542479738 0.0010844875616389698 0.001287027046105331 0.0014302554190129557 0.0015479558477004762 0.0014952290068123116 0.001660602028535442 0.001698769735387156 0.0017967379467852093
197 1970 0.004772491646025463 0 0 0.0005829380364514798 0.0007503547575265144 0.000972941422179212 0.0011923527807630133 0.0013343953698864899 0.0014408910923587154 0.0013826018715487184 0.001539309917205445 0.0016133014261714145 0.001678495429548584
198 1980 0.004285809924887992 0 0 0.0005140572371320741 0.0006584745059874984 0.0008521034957369741 0.0010650586938885632 0.0011745258727259365 0.0012977549839455701 0.0012559897414584863 0.0013506784168162492 0.0014565119316413398 0.001499098077781028
199 1990 0.0040596990218224474 0 0 0.0004967060984307327 0.0006282555808375537 0.0007976688274695153 0.0010215796213570026 0.0010840119923905573 0.0011999312902126733 0.0011836571510602004 0.0012336942079949123 0.001370646350411464 0.00140944670051448
200 2000 0.0037203903830850386 0 0 0.00045479215090489755 0.0005670394289863224 0.0007204878766601012 0.0009096738232293343 0.0009702503950143227 0.0011005981483131466 0.0010845362516176348 0.0011120043542432708 0.0012589798362852174 0.0012953185964461095
201 2010 0.0033882601406256155 0 0 0.0004123953339010639 0.0004994967768891976 0.0006535760165511091 0.0008283623257157589 0.0008831906979536089 0.0009987166522146815 0.0009717015938936798 0.0009622234129952818 0.0011611244535353993 0.0011587492080678478
202 2020 0.003131287029888678 0 0 0.00038250972919753586 0.0004545844978824701 0.0005999477249566439 0.0007637074110243197 0.0008227713213915616 0.000922581674688758 0.0008811337960431341 0.0008805250456052137 0.0010628640732297005 0.0010253801510322206
203 2030 0.0028462180438527346 0 0 0.0003403876655027236 0.00040051972076580615 0.0005444089133547113 0.0006888304166338136 0.0007202218797146819 0.0008256417729476262 0.0007900589347153747 0.0008002713115109087 0.0009868021741306994 0.0009289722337712961
204 2040 0.002859846301312144 0 0 0.0003306059220763808 0.0003980715504853192 0.0005360976337351708 0.0007213400522239026 0.0007240985093835252 0.000837938438522485 0.0008155345925351235 0.0008202829653158037 0.0009814292163701295 0.0008963890514223171
205 2050 0.0025698033124273577 0 0 0.00029236777889341323 0.00035230161493071503 0.0004812671733280889 0.000655706534196386 0.0006461804721941093 0.0007414717564112414 0.0007021967766756349 0.0007241581199447195 0.0008656112201805952 0.0007877681625602541
206 2060 0.0022792495982381293 0 0 0.000258538850151155 0.0003057757015773091 0.00041535688546452443 0.0005759404150152276 0.0005737703075862143 0.0006596768016433898 0.0006229113157830653 0.000634296891859292 0.0007484841712901086 0.0006865306000572613
207 2070 0.0022153128446135034 0 0 0.00024664210830548214 0.0002910483176993766 0.00041191373737721194 0.000555679508324603 0.0005546494932671949 0.0006368011264123808 0.0006156460575809793 0.0006127239062360957 0.0006907998676624151 0.0006726004983162065
208 2080 0.0019918799867652552 0 0 0.00021404381094706113 0.0002599241747360291 0.00036973357263827243 0.0004973575857598471 0.000499089180781064 0.0005650448234259204 0.0005409401784000952 0.0005455462614995969 0.0006122759686891104 0.0005933104276378168
209 2090 0.0017701687779563423 0 0 0.00018545937477170872 0.0002257525656504529 0.00032850284257132434 0.0004301409597815277 0.00044087078172019953 0.0004874589123281864 0.0004760347579580469 0.00048331356399770853 0.0005363071287774869 0.0005313000173198284
210 2100 0.0015847367496754643 0 0 0.00016189290933434647 0.000201482163228033 0.0002936903140011565 0.00038255555551111397 0.00039434655716724833 0.00043276783211814785 0.0004163374214854505 0.0004181639398966106 0.0004807876786503299 0.00046994102757304804
211 2110 0.0015825399465998744 0 0 0.00016471947158827607 0.00020481147884784926 0.0002940325967706627 0.00037495377141981786 0.0003893789258245468 0.0004433110800466559 0.0004164654203913478 0.00040113486768454676 0.00047890473724391923 0.00047167659360230634
212 2120 0.0015352986847072183 0 0 0.00015633008447311198 0.0001917938684537168 0.0002826798297627486 0.00037064609368107063 0.00037437109307898394 0.00042566384733266395 0.0004065578627821237 0.0003786916647419718 0.00045697922591068663 0.00046649893033078136
213 2130 0.0014435428788988766 0 0 0.00014964159294845298 0.0001797238109480244 0.0002608995747475411 0.0003503938683717513 0.0003522363111407768 0.0003968009375793406 0.00037417966160866394 0.0003587547108656141 0.00041986907052851365 0.00043313194378074497
214 2140 0.001342640024304912 0 0 0.00013863341660332975 0.00016815279330573772 0.0002470067252287047 0.000306856666369321 0.00033061254617827767 0.0003689443003323425 0.00034348360949661817 0.00032774333329100045 0.00040195323033251807 0.00040024874296595614
215 2150 0.001253794373960135 0 0 0.00012790349725565824 0.00016058826191418178 0.00022867974688688114 0.00027563841867416503 0.00031854245343790745 0.0003420337112925907 0.00031766044019650055 0.000302120301408727 0.00037033007277856794 0.0003725286268360145
216 2160 0.0011711006807062232 0 0 0.00011826124521592733 0.00015313269892027004 0.0002106187974942301 0.0002555722405569655 0.000295786022327859 0.0003247161274888714 0.00028898505854824363 0.0002862717278473055 0.0003420741312817855 0.00034447610383817577
217 2170 0.001083101772765331 0 0 0.0001047252164967088 0.00014326206659232246 0.00019513035929313911 0.0002363616684365753 0.0002731190335397987 0.0002943131757413606 0.0002554614091506547 0.00026337775548304745 0.0003199933232937835 0.00032632827613367617
218 2180 0.000985587700960611 0 0 9.479327208891475e-05 0.00012977868786313485 0.00017866324528556163 0.00021177215235589062 0.00024445746017308855 0.00026723935835287516 0.0002266657480807236 0.0002414855298376962 0.0002916614623619255 0.00028863578759260266
219 2190 0.0008995980813004502 0 0 8.259349992870888e-05 0.00011675902462156764 0.00016287561946323642 0.00019341453931488308 0.00022113913492132793 0.00023328499244287611 0.00020941706410704646 0.00022166169384029365 0.0002611523070498226 0.00026390277541672074
220 2200 0.0007965520251342246 0 0 7.162583591785457e-05 0.00010241766633577057 0.00014326889161829322 0.00016604716453358888 0.00019463435863450982 0.00020592788106599952 0.00018312126892120864 0.00019679406529652695 0.0002317751790354816 0.00023108983671085479
221 2210 0.0007101870452732878 0 0 6.109116150810919e-05 9.099983468144678e-05 0.00012614519090552287 0.00014294740330368075 0.00017153386958997725 0.0001830883107095267 0.00015973545791579465 0.0001736654633988127 0.00020802240294764377 0.00020538987618954802
222 2220 0.0006587464597440899 0 0 5.570108870339625e-05 8.448309084170299e-05 0.00011368934476879948 0.0001317933593752907 0.00015609810127231188 0.00016897240946444684 0.00014692691237903365 0.0001606529956501919 0.00019399959241408232 0.00018997455203481208
223 2230 0.000649281753913943 0 0 5.611759389819936e-05 8.283580607897548e-05 0.00010931166968509244 0.0001296098381573214 0.00015309879774608079 0.0001647399852857248 0.0001428221132799862 0.00016139329107951606 0.00020033178490885383 0.00018059499024586042
224 2240 0.000633354409489745 0 0 5.3212198331770906e-05 8.140869624705935e-05 0.00010750049070773959 0.00012363895910829078 0.00014388246041053935 0.00015767040421652942 0.00014061819214359196 0.00016007955120173203 0.00019868369048294736 0.00017609536337443937
225 2250 0.0005877530613681553 0 0 5.0174132223684236e-05 7.427531422115004e-05 9.684376379761311e-05 0.00011570243070261188 0.00012978954660020434 0.00014836434134202106 0.00012738254817733655 0.00015025350511211374 0.00018240848442146033 0.00016093538876772566
226 2260 0.0005974819802968252 0 0 5.133725143760692e-05 7.534439031752428e-05 9.764657441750383e-05 0.00011656693680666911 0.0001289866049813364 0.00014699803946567827 0.0001297686208548347 0.00014877299704809004 0.00018812263209514558 0.00016723369930022534
227 2270 0.0006137792277740587 0 0 5.3093302760145094e-05 7.746114854680881e-05 0.00010070056625383773 0.00011846469349693793 0.00013117361589552032 0.00014936027309690693 0.00013109987369268311 0.00015174653109192962 0.0001896588694443807 0.00017316574536017029
228 2280 0.0005770284937119336 0 0 4.870521471091135e-05 6.951411598118658e-05 9.421900753461722e-05 0.00011196052204921387 0.0001250492912722569 0.00013531426762306708 0.00012387852128533427 0.00013991577091478113 0.00017853028069219595 0.00016488884479318956
229 2290 0.0005614970249046412 0 0 4.8123334216312726e-05 6.756326455603427e-05 9.200109120706426e-05 0.00010850656012048364 0.00012305247343238673 0.00012900359396644264 0.00012144364933742282 0.00013446126247429013 0.00016965453891108756 0.00015762718537432646
230 2300 0.0005031246236712022 0 0 4.294631367427726e-05 5.997083947729465e-05 7.994125671223534e-05 9.459417122001375e-05 0.00010846724199572105 0.0001143834714450434 0.00010834122419382701 0.00011734077843943067 0.00014891260561468263 0.00014217559373511384
231 2310 0.00044580351640840165 0 0 3.679563736303103e-05 5.24365992361134e-05 6.900092565826687e-05 7.951476558052086e-05 9.63864168175145e-05 9.948112907379671e-05 9.390456034376492e-05 0.0001035675802284703 0.0001297768195095494 0.00012644153518110972
232 2320 0.0004152419898672687 0 0 3.369756591160029e-05 4.960124100770996e-05 6.138592995995653e-05 7.287973375028897e-05 9.086177410845904e-05 9.22884212914283e-05 8.633219687113714e-05 9.59324062632277e-05 0.00012022136480344074 0.00011658946380000001
233 2330 0.00040479177180816983 0 0 3.175410999102464e-05 4.8804014006068944e-05 5.824873753087759e-05 7.173212723827666e-05 8.860749422082377e-05 8.916537771754431e-05 8.33570791101096e-05 9.017500545505822e-05 0.00012035751276501789 0.00011515803214215181
234 2340 0.00040002095820158113 0 0 3.1138278578465125e-05 4.83474116598495e-05 5.739997584598216e-05 6.921061896785246e-05 8.780309672893359e-05 8.627424383440457e-05 8.137490476377597e-05 8.791157216170124e-05 0.00011930496027613044 0.00011182716322445974
235 2350 0.0003968326281303336 0 0 3.094294315807239e-05 4.731787899541022e-05 5.6425131057732486e-05 6.687294835745671e-05 8.374946137005317e-05 8.707314296208893e-05 8.028838770565115e-05 8.589260782900167e-05 0.00011793134644253134 0.00010854150351840171
236 2360 0.0003835778277578381 0 0 2.9607104704061935e-05 4.469431884216839e-05 5.4472766340111604e-05 6.366275136726027e-05 7.990711266191827e-05 8.276375095918613e-05 7.733866665917328e-05 8.366177330763319e-05 0.0001092917500623027 0.00010805691807030505
237 2370 0.0003769381088744939 0 0 2.8715290232717476e-05 4.410630389299588e-05 5.223452407689652e-05 6.249790987289322e-05 7.676776464685413e-05 8.179915722091803e-05 7.372928173311124e-05 8.230967617055148e-05 0.00010560306698247851 0.0001063507067688296
238 2380 0.0003649668661138468 0 0 2.67048005152676e-05 4.3756060392818234e-05 5.0163953897311706e-05 6.007474984149779e-05 7.328375677520043e-05 7.774851159604397e-05 7.015668583565774e-05 7.982569430213861e-05 9.962281787234395e-05 0.00010218994951306745
239 2390 0.0003379701848921136 0 0 2.4132115961827402e-05 4.0530236307443706e-05 4.571220772424829e-05 5.5476396909064475e-05 6.648889412329639e-05 7.022402974295553e-05 6.470618391265767e-05 7.157960844431713e-05 9.211786668340501e-05 9.322756959674726e-05
240 2400 0.00030697448279312536 0 0 2.1496040575931845e-05 3.585133586240808e-05 4.0514254576005125e-05 4.9697764052168656e-05 6.010158905228569e-05 6.378889736941987e-05 5.822725137694473e-05 6.470956933369193e-05 8.195302054389737e-05 8.453515944811468e-05
241 2410 0.00028589440738225664 0 0 2.0148797987975145e-05 3.3481482728046494e-05 3.7601932094173154e-05 4.634001804678347e-05 5.422899488461636e-05 5.8197914123939845e-05 5.378535148122672e-05 5.985946893582411e-05 7.575690759576076e-05 7.793754986360602e-05
242 2420 0.00025757249096765343 0 0 1.8245175942878057e-05 2.9729295816975614e-05 3.332165139873911e-05 4.1065086140232955e-05 4.818781214139035e-05 5.176861077290075e-05 4.877345719598265e-05 5.414815536699657e-05 6.736181686707327e-05 6.943412864546583e-05
243 2430 0.0002461984474428525 0 0 1.7374584293109837e-05 2.8382013399001266e-05 3.282999080997363e-05 3.8264887151089784e-05 4.5763228077370814e-05 5.028681816303531e-05 4.540395225737331e-05 5.112277084142348e-05 6.356302357374903e-05 6.701282710313696e-05
244 2440 0.00022687339182485242 0 0 1.6100920959167253e-05 2.566021589787698e-05 3.0126518389053518e-05 3.4651158297081305e-05 4.221873728625016e-05 4.5429813495576344e-05 4.180728491254405e-05 4.69568057765358e-05 5.691205345401242e-05 6.18074413952191e-05
245 2450 0.00020841212614931256 0 0 1.4874573165285377e-05 2.3517496261597715e-05 2.7331089724271283e-05 3.142953664626036e-05 3.884603847521873e-05 4.13446365296267e-05 3.676933291036725e-05 4.259492124403783e-05 5.103225389647683e-05 5.7641369731963185e-05
246 2460 0.0001912223840524013 0 0 1.3705049150666306e-05 2.156697293210634e-05 2.4552227904162876e-05 2.8594421242649294e-05 3.517058837405733e-05 3.802173064191014e-05 3.4194950909164424e-05 3.84317525001492e-05 4.5959282947887476e-05 5.209972206664521e-05
247 2470 0.00016666943560970026 0 0 1.194744771831678e-05 1.8098073895425076e-05 2.1186213266138853e-05 2.4914890278860607e-05 2.989993958894223e-05 3.2307224971675926e-05 3.0241756196192487e-05 3.37582444366112e-05 3.918216149549761e-05 4.549551165638391e-05
248 2480 0.00014231738797354 0 0 1.0140145056393151e-05 1.5331348948251607e-05 1.7788296906051163e-05 2.0269674026879695e-05 2.520382385016985e-05 2.686410704252169e-05 2.611823876630341e-05 2.8985107437625204e-05 3.324824638449699e-05 3.791749754563295e-05
249 2490 0.00013282513614385678 0 0 9.662329898665706e-06 1.4028332235578294e-05 1.639364685816535e-05 1.8831414421612522e-05 2.3424800867570203e-05 2.505216313865132e-05 2.436220550633286e-05 2.715121318932479e-05 3.0384892001094965e-05 3.47675283893241e-05
