% # columns="iteration, evaluation, void, void, void, xmean", seed=1118674, Thu May 19 18:52:27 2022, <python>{}</python> # scaling_of_variables: 1, typical_x: 0
1 10 0 0 0 -0.15795823592330863 0.6661726074920649 0.1453385980166676 0.003266866164262406 0.6551141482222332 0.10517234696885532 -0.1706579303204227 -0.21185993610420364 0.26020067382529344 -0.533152900603102
2 20 0 0 0 -0.23528918724651696 0.8212503321094604 0.46960326058708496 0.49326451370609303 0.8110955717737491 -0.014433958720252285 -0.08275935605026835 -0.18228717425522828 0.14848024842796476 -1.1797817515157376
3 30 0 0 0 -0.34579668801212726 1.0391654555651062 0.1851798505964482 0.7547274590159044 1.2068637470850263 0.13772548436687648 0.04372280653271671 0.003569102129733104 0.34124519535749465 -1.6321610141969476
4 40 0 0 0 0.18548286370260259 1.1255959229529398 0.4085107791658623 1.2361668513001842 1.578956433375143 0.275461941386875 -0.4337537665261806 -0.5139776560880114 0.30775750481253955 -2.5120889476903243
5 50 0 0 0 -0.45930579178304176 0.9347052294676859 0.6609215892956795 2.407787636030244 1.649868378273796 0.14137046685094673 -0.019919769989189706 -0.4273586548607745 0.018540677600500932 -3.0642281459450045
6 60 0 0 0 -0.21830931996792358 1.797257838756645 0.5573477046551131 2.930114163536068 1.411826570270859 0.006676037607198815 0.189838677408991 -0.39476473517530924 -0.14119481155432811 -2.7801300199179626
7 70 0 0 0 -0.4190675146880335 2.3704023448457776 0.7290098142596334 2.9747530991256226 1.4461441300923605 -0.5907837628069758 -0.2134605226472793 0.38274224896717884 -0.374940945765235 -3.2921774533121306
8 80 0 0 0 -0.5757128025159212 2.9770301812777116 0.7392470708438815 3.340219915372701 1.7767460036094138 -0.6495668638631241 -0.8458432979104314 -0.09890025820680082 -0.010969998676296 -3.4309099039823776
9 90 0 0 0 -0.5656652975201155 3.3237583020005346 0.8275897672538443 2.7278882546812038 2.19942066659649 -1.5471332457033944 -1.1455178318249026 0.2141858732043963 -0.5984220797829098 -2.8076537111715374
10 100 0 0 0 -0.6997231531878761 4.85533823363484 0.5768005890410344 3.639332832070395 2.092512082243986 -1.4032151346584174 -1.3628374065794184 0.7506401969999167 -0.4434615759114729 -4.475785875585359
11 110 0 0 0 -1.3654116099359461 6.6605543988941935 0.8774760848857301 3.219422119244038 2.3536842786146726 -2.46143035834704 -1.7872186424344596 0.6874768227571105 -0.7177295032844461 -5.066552967085224
12 120 0 0 0 -0.332807611561893 8.44022182301508 0.28830666253862725 2.136823992770326 1.4667923957285123 -3.122920047752222 -3.9168990328971884 2.2660831956905922 -0.9463212469950786 -5.530947109448894
13 130 0 0 0 0.24704691794071665 9.57498132343059 0.8029575435673837 2.4319999241586654 2.9053175233862927 -3.4064620548804596 -4.247513233002003 2.8387439222631543 -1.591512579014024 -6.236250229809017
14 140 0 0 0 -0.2882627608938887 11.941959670235299 0.3279461336342063 2.930200770111509 3.949768412033525 -4.430678599319026 -3.880219266004442 3.6569752643490805 -1.4873426356864514 -6.876251071974282
15 150 0 0 0 0.7581945327008853 14.84618137357841 0.6258173616547547 2.762721166857112 3.9303319372801693 -5.864526046244507 -5.0120822968408785 4.693240772743483 1.0021644295805578 -8.314730315586056
16 160 0 0 0 0.35000989006251443 18.82395993367806 0.8306488509654866 4.13299551828047 4.385705387697761 -7.341733052845811 -6.45407460016164 4.441684607899206 1.5139538132858381 -8.33257438919333
17 170 0 0 0 1.154861690430811 22.67893632591489 -1.2608450769716706 6.6981544927559025 7.519116844931226 -8.207122799324214 -6.35751259804654 4.184279786092389 1.5464260790674595 -9.282012661315433
18 180 0 0 0 0.3076215546366198 22.506096304997442 -1.8938406733041862 7.334558472930543 8.728508481836942 -8.012096063725512 -7.582630558592698 4.615472885009744 3.9647572393918127 -11.118748231203735
19 190 0 0 0 1.8779370758171106 27.603895049951667 -1.3990979563850587 8.83961346196501 12.532431922872926 -7.640711806489103 -7.76669360819225 5.600070845475305 6.931420726945325 -15.840531067014334
20 200 0 0 0 -0.05054672511164382 32.42068072732166 -0.2341736693170462 5.722967796392878 16.35512931847151 -10.204582677653358 -13.013649068098609 6.2162727328043506 7.358596410599571 -18.45386792413109
21 210 0 0 0 -0.7821898639131339 41.5505557546712 1.2084185896551016 11.431581265783922 17.974911565627316 -11.097989608399569 -9.919105845532156 12.899042781593131 10.348440469538398 -19.855004539535212
22 220 0 0 0 -4.095771930017706 48.968604504714236 5.801498675603035 16.22865975305374 21.328526404385645 -14.367055162442693 -13.60830563460123 14.957663018666386 14.113639203595687 -21.108374755542986
23 230 0 0 0 -0.7485133815162479 55.143603126283814 14.159932740280237 24.3801182529652 19.6294423438601 -13.857992360164145 -9.854036202389102 16.848127952939553 18.043348942300227 -20.775548022557988
24 240 0 0 0 -4.223708232427391 68.24913656864203 12.321252345742595 37.7695536644427 29.989489517658345 -6.010696532551713 -7.334224905721535 23.22317873616316 21.001374145547544 -33.16945030791984
25 250 0 0 0 3.8984749502036244 70.20329917219311 16.30049963184253 36.90467602671075 34.58983866469557 -6.739211671519651 -6.098030656235401 15.79408027074304 30.608252227011835 -36.885913404330196
26 260 0 0 0 15.546423030225949 73.35916905936764 13.093648560603953 50.051085050912214 40.23881391050718 -17.36321917698956 -17.615415730963885 6.537581827497249 38.56991314005831 -29.692195025747946
27 270 0 0 0 24.927974739457028 84.94510008476222 13.018341248036291 59.7810644649574 51.36297321860835 -20.46982390597296 -21.01507261336683 3.306815160233478 50.18934109476525 -32.94081521581473
28 280 0 0 0 23.223425393686025 71.47251934079263 10.816566399840841 59.058250128249774 62.22056100667231 -26.389060809056257 -11.524365399218041 -2.647228629542689 49.54050803929108 -20.544738002422715
29 290 0 0 0 25.818457096970835 86.91899013733041 10.279225241026241 54.62842374301626 52.680070782511756 -24.2206525585808 -11.562339390029246 15.983823737831873 61.59465877066211 -45.83884559741856
30 300 0 0 0 18.79779790331851 90.47564917841318 5.882187029794409 65.32330055680094 65.41817312443395 -27.362236689401126 -11.705425633448861 34.38432811343797 49.282976847458016 -31.67962268945979
31 310 0 0 0 2.838642490689363 82.56662925092884 10.937845393816714 69.51887793432613 61.58191790572258 -24.088348566338194 -7.112629058497449 40.49154855024203 58.783827520675864 -39.90170980368646
32 320 0 0 0 1.6066588139722389 99.02644638406365 13.235608121611646 60.90845823038358 67.20001131346214 -44.62167336549299 -29.298173106234792 48.275946536933226 55.74834424815646 -39.76576711908162
33 330 0 0 0 0.6095033396501653 97.00850380306382 9.496085643835231 66.61012772898677 50.09744014617924 -46.13845042839992 -18.898100450963497 69.2362202448837 50.52847290752274 -32.11525738062684
34 340 0 0 0 2.4239740566618617 95.29670164136049 15.449482145273016 65.3571166707961 51.88172439284714 -48.50765263617818 -28.055755375889692 55.79187039117457 58.7275656446314 -31.07734843895847
35 350 0 0 0 -11.263296062078837 81.41103654996009 19.468827496953327 78.60994173793243 51.56550500283729 -29.154790871751953 -20.772962418789433 37.57725691565076 79.12255050193495 -32.08087787002108
36 360 0 0 0 -5.983470386144073 88.97671950925083 11.412658870956934 66.54171784508115 49.04638155676313 -24.899806645998943 -25.706435741040274 66.23086049215651 87.75604713188024 -26.58193900328483
37 370 0 0 0 8.505553705444662 86.89190776002665 13.839631730138029 77.35642989401195 46.35471888603962 -23.9286142126624 -35.41127737442945 62.84850088571292 94.47920617039073 -22.844268426899514
38 380 0 0 0 5.221374484180803 81.78492764421188 23.38251042856509 58.697654563855174 58.42932010748974 -28.163328840345887 -36.26376565683807 47.777672096404025 88.00517699792547 -13.460575533068004
39 390 0 0 0 7.302968663872926 104.75460877597725 18.958501847488648 61.231663306694635 49.474009944067404 -32.41143856513833 -43.94992368103794 68.39575382278251 81.14405663424085 -16.30505602130028
40 400 0 0 0 -0.5539979797586545 94.34051837326638 23.471732485454254 73.23079225553457 57.14856961219473 -32.40722218760663 -35.97440685740958 73.9907027824602 80.52051629834878 -4.5445247553521675
41 410 0 0 0 -7.948410529736206 92.87133867661103 19.150411521668516 65.12419075911741 80.08861536712912 -30.165062582376702 -26.448238234124823 58.24664806051274 85.12260867494344 -1.2799090083462277
42 420 0 0 0 1.1068236738091635 92.93611230544431 8.219174206755715 58.95861828789489 68.17332689004132 -22.715549432843886 -30.033557844445514 40.604327577918774 92.7721402024143 -1.4563328870173105
43 430 0 0 0 1.2218591644007233 93.51905123573377 8.424882643204647 71.02693197350823 73.80165345346914 -20.62383264957 -20.449266462030337 29.81249150881495 91.34488246835545 -5.566182117965489
44 440 0 0 0 -11.861820915118635 88.83622932945853 8.72187583823246 65.961014125167 78.43530249337984 -22.676275118516173 -25.01856999051959 42.693667161064226 90.3678124656519 -16.74576962968383
45 450 0 0 0 -0.48671951389009394 90.60237673346525 3.975210656262589 77.19969940914216 79.67282854292776 -26.237667889321802 -27.95699691952074 39.43702681267822 91.15378637628854 -18.660064635363238
46 460 0 0 0 -9.98303762761386 96.1258465258785 0.9651433315187448 78.52733051391289 80.79588738866963 -31.081407009589878 -28.948001600310047 49.99018615423831 89.19571213268357 -26.040272539233932
47 470 0 0 0 -8.129062094176511 101.28464932457406 -4.425731188358114 82.5945062380666 70.73456278139183 -42.802371273311806 -27.682341629397722 44.56151539544042 97.80295315290158 -30.783928721491538
48 480 0 0 0 -7.550617428512546 101.57166390361841 -4.683617740075508 68.89625473330867 70.06046998737624 -46.37286869996789 -34.98372452246643 43.27162362363266 93.42403468743026 -18.796792820171998
49 490 0 0 0 -16.51253642316936 105.11148043399082 -2.469183667961074 69.05429408857378 75.69626615288011 -43.38518500948223 -43.944708466349425 39.163830303773565 89.55389489213647 -21.592231198081556
50 500 0 0 0 -14.79294370940906 107.44432761474785 -0.03300394676359364 79.71795335318791 65.73464127758398 -40.73460085541064 -43.14698842812314 53.454597857227036 91.12879915440828 -17.088463125252638
51 510 0 0 0 -16.567120968368112 102.63876657623427 -3.139539984706504 70.41224421384008 73.51468965059034 -43.14260713207101 -39.925311622677555 40.532824149617724 94.77050685082393 -18.145074206254588
52 520 0 0 0 -10.17860861506114 107.1566330726896 -5.980203069725805 81.92268275463847 72.02086360077747 -43.09534376358143 -42.59478563225216 47.21776722815137 99.35737835587376 -19.055531121451008
53 530 0 0 0 -13.696728140528803 100.46155774776005 -2.922281089744544 73.71504566978456 68.46959736267965 -43.889019327691244 -44.62093064744253 44.18462873848295 92.31184511341937 -14.327812251618031
54 540 0 0 0 -16.710100479520428 102.47857515871436 2.88085242943868 81.70381658551122 67.14364144268885 -43.42999584743387 -42.169019130056554 48.42872989403389 96.08571571179321 -14.959821426795651
55 550 0 0 0 -17.50335403670313 102.71381973283572 2.1762805212005794 79.51182345314095 66.07159386250657 -40.62301003116819 -43.41840478023184 55.589075735000684 94.36451112195968 -14.08271164839703
56 560 0 0 0 -12.582000610620497 102.47986953793972 5.2684065864911345 77.45494474064593 65.43677851854734 -31.195925290013893 -43.55269089019389 56.516144428213124 93.35239946247117 -12.842643502145098
57 570 0 0 0 -5.611974546232605 101.34962792055197 2.4364248406191367 75.60682118295058 70.3235454560299 -29.9638935788912 -42.169596952335255 51.15490086551057 95.67535885630241 -13.78606598991721
58 580 0 0 0 -4.906535794615098 105.35611912908031 4.506605039395564 74.5340078964886 66.51227101129709 -30.90876346374867 -46.69508505213444 52.1804915121548 94.0685681944503 -8.844282507910824
59 590 0 0 0 -2.7194003806296916 102.356727305822 4.960856345877183 69.15446781379877 65.17789118474111 -33.7515670717907 -46.39884844493969 52.05180893496178 90.59556697146046 -5.8109584793423865
60 600 0 0 0 -9.848614821222862 105.275113165294 2.817268744919053 67.13254869023102 64.04299049598819 -35.99773189196134 -47.787855980393275 52.183118901179455 91.81571148047851 -7.968311897152405
61 610 0 0 0 -8.161773977257894 106.24498508702895 -2.381070948623904 70.53075426038615 61.76883792358369 -35.8922190070797 -48.53871128167774 51.93519409762739 91.31645255056638 -11.506919471762012
62 620 0 0 0 -6.942415142104428 104.9651826234768 -1.0262430355886871 73.13185330454841 61.44820544446201 -33.47532035699618 -46.358322138928635 52.03971034134134 88.96078218839908 -9.473058154186617
63 630 0 0 0 -9.86498058139859 101.56203057448798 -1.6685968324711606 75.96952820356333 64.26331287939989 -35.197550357756214 -44.77162979908136 51.122837510620464 87.35454274564529 -6.50489995474926
64 640 0 0 0 -9.479598307574028 99.6768807084511 -0.4344840673251298 74.85641461615354 63.847340859273935 -32.060433668015 -43.70927575606514 52.64536811412097 86.45615032743726 -9.546615535069968
65 650 0 0 0 -8.2517704913327 99.2742783284157 1.449204085482346 79.84279347098895 64.97249061265344 -32.512991957198786 -40.28240448777881 52.610831292073456 88.06534354189046 -12.244639736570308
66 660 0 0 0 -8.227028977695852 98.13992634904308 0.1273136909903232 76.29474481079396 67.15220884966602 -33.79178581848052 -39.459145833791766 51.63341464504245 87.26287551274619 -10.688300197521894
67 670 0 0 0 -8.481127071820831 96.84735943722559 0.6400373283528776 75.96456664291715 64.51054277781367 -33.76945508934204 -39.13118661026825 50.63700364736677 88.34038705750622 -10.113447348371345
68 680 0 0 0 -8.852087207421379 95.41648836334669 -1.3491509608421217 73.40730860107708 63.155486501605054 -32.29358115657561 -39.33135207967407 49.12380685732361 89.51292774960237 -9.357179897804114
69 690 0 0 0 -7.321611783960526 97.11679579132593 -4.018013260946213 74.63616162233346 62.39411204545336 -34.60049674365966 -42.080045024750454 50.70673929228375 94.24073048870731 -11.301598768337461
70 700 0 0 0 -6.932959007086335 98.94495643493954 -2.106178267305332 74.68768422049219 63.467819864547536 -32.8982198182961 -43.273750020959895 51.85118604566136 95.41575027107189 -10.220047735520515
71 710 0 0 0 -10.476849844114115 97.42539264184795 -1.0211516096243474 78.29708483445516 64.16094925515824 -32.84146063671915 -41.18055926764549 50.64058967940166 95.13869921790179 -8.397085780465842
72 720 0 0 0 -8.933291467860649 100.21591875742394 1.0068362743827628 78.07668425719876 64.50577293118174 -34.000623988666035 -42.800422101344374 50.840099212486905 94.75774856485013 -7.838786199643895
73 730 0 0 0 -7.518155768425487 99.09265541371937 1.8951650821717825 77.87516397066068 67.1151326991747 -34.62474310268837 -43.137529865786284 52.47500297549518 96.52154407350912 -6.624144516564538
74 740 0 0 0 -8.108962355736026 100.35840374958921 2.5236314575670065 78.76324298982055 65.9234110778057 -34.129436424411566 -40.673729036011515 54.1940222315199 96.34576950512209 -9.47302641969363
75 750 0 0 0 -7.0167414187715496 100.59130998645058 1.2996122312032148 75.4689759878476 65.35404374881045 -31.361598319740278 -41.635648443318374 50.03336035937727 94.44739495714025 -7.812389434342246
76 760 0 0 0 -5.871866955379669 101.2335460040831 0.8509853931874444 77.60803595803597 66.14614534121623 -30.79922131941045 -42.43218378847415 49.13592245755957 94.44242209464983 -7.905225945602995
77 770 0 0 0 -7.012707870108593 101.3151605926373 0.995837676213982 77.84138048960597 65.22809847169724 -33.009390549963555 -40.17403643564351 49.69610183026111 94.5794712620591 -8.422868977270904
78 780 0 0 0 -9.630804273516414 102.33432876807748 0.8031585236531562 78.33573946250505 65.48730231057354 -34.155969656237296 -39.92870904567685 49.089891056776615 94.09926957970022 -10.155964102528817
79 790 0 0 0 -8.684971008823767 104.17098814006503 -0.44408691208948325 76.20530575195649 64.91824371458354 -36.57895668843282 -40.180803359216995 50.77722890212647 93.79991523522429 -11.670698389378325
80 800 0 0 0 -8.800682816440046 102.75628876010826 -1.2482126370866704 76.67295460500367 63.96540395069753 -34.43336127472208 -40.783463489227 49.614870573674004 94.31535876857508 -11.137788066453595
81 810 0 0 0 -8.280339627401391 100.90881375369601 -0.6984257703607393 77.24915445046445 63.682990072526955 -32.67819810009527 -42.18808084526777 48.88781173989501 93.45856253287519 -9.54546277047218
82 820 0 0 0 -9.377711405220175 100.71855494938757 -0.5453363006904246 78.3370239720246 62.960986113133295 -31.3391644773491 -42.18723005618818 49.938383142008405 92.88737857174141 -9.564833089657906
83 830 0 0 0 -9.577261675057692 100.6770088920692 0.002122630535599912 76.15587439419369 63.72808892908796 -31.297374807595197 -42.036469723077126 52.94135559412811 91.27277306055743 -9.644144411327323
84 840 0 0 0 -8.247560527302179 99.89233109945894 1.7602022603747318 75.55223554490134 64.49170795748088 -31.97670701021891 -42.79152792163446 53.05907879947868 91.17195382113054 -8.507363761937624
85 850 0 0 0 -8.285549778269914 99.2486371248985 1.72997239758512 74.43427585870984 64.58525753413538 -32.388238073944535 -42.26348037489361 53.136665118136875 90.91965059433738 -10.055355198790204
86 860 0 0 0 -8.443045162928803 99.95952169549676 3.3658897209595056 75.6365954888126 65.22402352732934 -32.19127003974416 -41.938316043777725 53.86749795209601 90.45208218583494 -9.916260985084559
87 870 0 0 0 -8.033485433843465 100.69175894270197 3.413610939858445 76.56203416199689 64.85236316046432 -33.1426781510093 -40.81047945865302 53.600067265333415 90.0674777827665 -9.57842280533857
88 880 0 0 0 -6.9783902018745785 101.17368307990841 2.859909189042091 75.1552969886419 64.89920794932854 -33.44788059985326 -40.983039940850496 51.97985516705341 90.37839258324571 -8.662708679969404
89 890 0 0 0 -7.405338043101718 101.79182172952419 1.8939833463740592 75.6146904378936 65.19643996404334 -33.47195712164218 -40.80349623093847 51.426506332788364 91.41297550023941 -8.844397312898034
90 900 0 0 0 -8.393973679781764 102.4957700495388 0.8304025514058495 76.68262844122128 64.5813158966809 -33.367509210699936 -40.46541677897201 50.41817584408636 91.7753765328992 -9.950710103227207
91 910 0 0 0 -8.651423346419936 102.22363810056704 1.0038139964346937 75.23387671305242 64.65466331971297 -32.90435379770724 -39.9553321722407 51.4907467173683 91.1322816775238 -10.163548453306904
92 920 0 0 0 -10.020187794695888 101.77816581606446 1.24679253708353 75.454770318606 64.26385384063062 -32.428588630235296 -40.371167811707146 52.182274354530435 91.1416991863122 -10.072412925762134
93 930 0 0 0 -10.389648601716353 100.69036643344248 1.2613000163898496 74.44561952355517 64.43841149906706 -32.30897948384727 -40.640940960272246 51.77083954147214 90.22920657970383 -10.797151223898636
94 940 0 0 0 -9.87780586973666 100.27498295703508 0.7578350457803059 75.6357628872371 63.95831829654313 -31.709793818614486 -41.40712056400855 50.93013206895706 90.79297964510057 -11.93660917504761
95 950 0 0 0 -10.312519689745193 100.14768380513542 1.0688292061354132 75.19319935656223 64.09625975196177 -32.52860851360094 -41.804573800521474 51.18664088246296 91.02587456749629 -12.180167834438631
96 960 0 0 0 -10.595176452166463 100.03515145124224 0.3017482400198672 75.23993077879204 63.952372775447046 -31.55519639867243 -42.03630312987184 50.32312057835978 90.26837188355735 -11.528773092993433
97 970 0 0 0 -10.329256637316341 99.58871391669288 1.8261370574364448 75.92306096980772 64.45088382272822 -31.52064592658684 -41.28398262628024 51.70058786594107 88.487403702136 -11.494668534710277
98 980 0 0 0 -10.70284135303824 99.6160371964708 2.0042318354233895 76.64394509740681 65.44868301023368 -32.12352944729696 -40.854198277254234 51.82222574406867 89.39752714099875 -10.88726714742265
99 990 0 0 0 -10.499766487870666 99.41300462604414 0.5526866382642166 76.61476167584142 65.30484837452452 -31.637912202144925 -41.496328645913394 50.96924654528928 90.47702588947813 -12.256949442111656
100 1000 0 0 0 -10.534303641698074 99.71253150769037 0.5365635126498951 77.74130990920214 64.99690516903476 -30.93574581001802 -41.69436857362448 52.201403644910634 90.73923822057496 -13.532498988431517
101 1010 0 0 0 -10.326641875365402 100.17167986720933 -0.1659066089306953 76.1466234999661 65.35503421630214 -31.47291922637903 -41.33403664016122 51.73898927793935 90.93642944350297 -14.124667642976659
102 1020 0 0 0 -10.160703727172336 99.95345242925121 0.06515489109234551 76.23239465855929 65.1769670328031 -31.77511399868661 -41.03335772042793 50.85547325083371 91.8544120451181 -14.472962139656552
103 1030 0 0 0 -10.127765766449423 99.79809112517204 -0.6230370035075632 76.48348635592838 64.74625085230306 -31.03106674919964 -41.248889698184925 50.41411427418287 91.46638477405357 -13.530833383277137
104 1040 0 0 0 -10.058190569057953 99.0911961447349 -0.3222933463812069 75.96477839185661 65.18725258982792 -31.03335201853416 -41.263285607658624 51.017618630981794 90.51061287181676 -13.363676488610457
105 1050 0 0 0 -9.816358314995208 99.45998826213646 -0.036457029819397135 76.21775346865593 65.67237949066163 -31.36607287318666 -41.029158934666704 51.36759547259373 89.84739504944481 -12.657793398194483
106 1060 0 0 0 -9.477343018972666 99.84148445842027 -0.1684403568248474 76.88597050042902 65.32929184253126 -32.10502667746391 -41.37199121004584 50.9581566888044 90.23332731709262 -12.852872826892305
107 1070 0 0 0 -9.765618149251571 100.321582701771 -0.02038641007780964 76.65594117007373 65.51625366848069 -32.16696690099837 -41.36251146757181 51.236289520142584 90.1883117425773 -13.027325846661478
108 1080 0 0 0 -9.842206729543673 100.34703653097132 0.06575382835827134 76.82767289576037 65.20683003243646 -31.81513907009406 -41.46619399177979 51.603403457316126 90.04489453762368 -13.136672859623271
109 1090 0 0 0 -9.945367150467183 100.48096729736191 0.11488874250026065 77.56729556908031 65.00222907744086 -31.943854994786914 -42.30029725724987 51.39127065907484 90.47525985546397 -13.13473883129092
110 1100 0 0 0 -9.895164024775323 100.38282748299923 0.18521048702855983 77.34604802511458 64.90286974312784 -31.769398232161837 -42.69065239333985 51.65633391875402 90.45077031219824 -12.875792644958013
111 1110 0 0 0 -10.003934791273881 100.17828294779119 0.14838664042953986 76.98480600293422 65.03295041911952 -31.659154220813083 -42.94969785438089 51.7833919767284 89.74052263287194 -12.864693260379918
112 1120 0 0 0 -9.927075289267211 100.10299469461766 -0.034803292821344006 77.15172303732702 65.54087355535472 -31.19369978261126 -42.73182618048268 51.395705807512094 90.05677572201863 -12.9398807423226
113 1130 0 0 0 -9.86398766371401 100.14049162834542 0.1895311721908696 77.30094916260536 65.87790706026763 -31.726042855486263 -42.6377660913163 51.694888082921615 90.10405224512198 -12.786514552020266
114 1140 0 0 0 -9.838416449504725 100.04803658931472 0.20352951960100488 77.4105530141934 65.45424042650222 -31.553971149299066 -42.697966582958685 51.31280840480254 90.55298543333737 -12.42055147324039
115 1150 0 0 0 -9.853347566374147 100.18099451216288 0.08071774648122908 77.02849490349284 65.6975135336172 -31.669950912433652 -42.49508623239714 50.94121747919657 90.29359754112131 -12.439572532136388
116 1160 0 0 0 -9.849289945206833 100.00300082190189 0.0109884281084109 76.78370571472057 65.5849515596752 -31.630307276582577 -42.37965316157057 50.9907049432891 90.09653945276175 -12.387127502313254
117 1170 0 0 0 -9.922381477422146 99.78592369569978 0.24992094999690206 76.71527251474446 65.77030735183777 -31.851782260842068 -42.55778824187103 51.05604786208402 89.64384412661369 -11.99432217967363
118 1180 0 0 0 -9.88804971490504 99.91375117495303 0.23542840949321947 76.73278144102959 66.21641585504935 -32.17068716027147 -42.5529103283288 51.24117802400802 89.61884264699376 -12.415847428777875
119 1190 0 0 0 -9.995037850059528 99.99714188247772 0.03079043699268591 77.07279131230804 66.0254850788616 -32.15181843127134 -42.48436172606422 51.41576100144834 89.9152736236737 -12.53557845428519
120 1200 0 0 0 -10.026148867201204 99.95692216327366 0.2650817647857461 77.023741091997 66.40716429926974 -32.39897605518812 -42.665919630543165 51.38908012222138 90.0550814785009 -12.267063192782203
121 1210 0 0 0 -9.8662080340776 100.04663940720943 0.08570719575265856 77.1710979852374 66.14686613815324 -32.08111219943702 -42.86105684779113 51.2247394832048 90.2309307849315 -12.339703143958104
122 1220 0 0 0 -9.914201646653991 99.99178643149199 -0.06436957531033727 76.90858968456362 66.09848586894478 -31.920933049615222 -42.987069863144036 51.18986323974784 90.09464150148139 -12.194569253182111
123 1230 0 0 0 -10.051174810228952 100.10851056362881 -0.022326953475893002 76.82580855316223 65.96289590977639 -31.931655030456525 -42.93366406710112 51.134060468044794 90.11247305573882 -12.305082477651995
124 1240 0 0 0 -10.004513426922745 99.92164188294312 -0.05604229320399459 76.99100196959965 65.90640958915351 -31.988053463402075 -42.89268506415675 51.11619910379389 89.96975291176348 -12.591799561792167
125 1250 0 0 0 -9.971707697324726 99.80044089888912 -0.06057003996088355 77.13499725459327 65.89270213712265 -31.787201380405786 -42.84062683169871 51.300631905108766 90.15686224640505 -12.32219767540115
126 1260 0 0 0 -9.906360056919985 99.83504313264022 -0.16139176043501705 77.04621095196413 65.74668050668052 -31.685917767592674 -42.92365068261609 51.067803234687844 90.1897418499004 -12.302647159363369
127 1270 0 0 0 -9.855239269799156 99.91875730724992 -0.10159108015328383 77.01686388976383 65.85701914728081 -31.774465964318214 -42.79451206237654 51.11751741009721 90.066229429064 -12.248368708397008
128 1280 0 0 0 -9.840253527092525 99.92166976982028 -0.15093873817558118 77.04466369300614 65.94055622115927 -31.849777556857454 -42.73830323488873 51.042156568016175 89.99129526034714 -12.229586358241804
129 1290 0 0 0 -9.921227052967653 99.89077168066085 0.04628374839725591 77.03569841161813 66.04762165831676 -31.906566947036385 -42.740505220470574 51.27336585100481 90.04476915784088 -12.095587497343816
130 1300 0 0 0 -9.900904575597362 99.9133036992257 -0.06650230155426776 76.94803750056633 65.9787181788619 -31.84609740824478 -42.64473279872942 51.21381007583451 90.03909238668051 -12.05525384249601
131 1310 0 0 0 -9.935682738781674 99.91478021584678 -0.006076246762240611 76.99263256150208 66.04063823506901 -31.992723969490147 -42.730924580873726 51.208216365704764 90.11840946072572 -12.007969656080892
132 1320 0 0 0 -9.956614961313006 99.97831225331724 -0.015492428289589348 76.94784300990455 66.0653237632753 -32.07512923090825 -42.76950096924188 50.98696074167015 90.1873902217757 -12.04045820272665
133 1330 0 0 0 -9.944095201326085 100.02961810174398 -0.006200503359854285 76.85225512711072 65.98034239368711 -32.0662025627502 -42.89302042383114 51.02392012596581 90.11861369253302 -12.150860836399042
134 1340 0 0 0 -9.961731623426534 99.99534998389392 -0.022512084671786853 76.95679707207486 65.95185715725809 -32.0699240686688 -42.89746401090457 51.04606085670801 90.17107702154037 -12.027501540200184
135 1350 0 0 0 -9.965219828384313 99.96056541880414 0.05501178360284349 76.88417034078294 65.98252393931038 -32.0440780365417 -42.99059946191953 51.1310775715443 90.11542842811075 -12.007378358397101
136 1360 0 0 0 -9.961184034654316 99.97749406707842 0.05899993059977801 76.8862275263743 66.0277988961959 -32.119548223639626 -42.93352802137119 51.06353592562913 90.11523334732502 -11.95110638985675
137 1370 0 0 0 -9.969275147407068 99.99755679761815 0.012804513843147514 76.84610495722077 66.00192616407462 -32.13442116603855 -42.91738793586193 51.05848178996606 90.01102121331881 -11.994645253709564
138 1380 0 0 0 -9.98835397942427 100.03041042804631 0.015313587922214968 76.94256560682305 65.9847065141077 -32.19327017323085 -42.93594867289465 50.993850024530296 89.99129546531994 -11.943024219848361
139 1390 0 0 0 -9.979315109694117 99.96291863741358 -0.004104154715387949 76.98073505421334 65.9685084796374 -32.19167069467646 -42.97944153890499 51.0140915791837 90.06985098111042 -11.899914520415473
140 1400 0 0 0 -9.968995822570124 99.95354265340129 -0.02201642292391749 76.96900318361413 65.98330759527275 -32.08606293077461 -43.01166004016188 50.97502618212186 90.03812933669674 -11.948787967204195
141 1410 0 0 0 -9.961824946358444 99.91936203632964 -0.001975745608731181 76.9719404928294 65.98889297092084 -32.017913662974365 -43.00850881349472 50.96150278822755 90.03698083198216 -11.97142868132245
142 1420 0 0 0 -10.009505911594825 99.94677491160633 0.03559148553051206 76.98103530307588 66.05808299321342 -32.04516746830034 -43.00872366102962 50.969308773665844 90.00649626588235 -11.946910764317417
143 1430 0 0 0 -10.012327095665595 100.00078180293772 0.00035479748917796594 76.99438860803104 65.99474709351828 -32.04813927357671 -42.98941364048649 51.028510702112776 90.05302197432255 -11.939384623802304
144 1440 0 0 0 -9.984244647418414 99.97395976452944 -0.0066691881918052 77.00615927971246 66.01063836431612 -31.97973210944839 -42.9881031694274 50.98753910069074 90.0616340997309 -11.990423509500005
145 1450 0 0 0 -9.982849676678523 99.97654657716997 0.012236798314361256 77.01215253633649 66.0379519006 -32.01635049989973 -42.94528453781484 51.00466382286821 90.08794196584022 -11.990500610780089
146 1460 0 0 0 -10.005266866248657 99.9544401850975 0.02233357911431511 77.02062915680683 66.06054369165618 -31.981925742803114 -42.973245018524345 50.98091311642526 90.06155265992366 -11.985027291901872
147 1470 0 0 0 -10.012480594723376 99.97013471473966 0.04878740843943848 76.99006103365605 66.05186693923038 -31.96349986377031 -43.01315803079511 51.00974205895305 90.01778775783906 -11.98951122203178
148 1480 0 0 0 -10.007438882561294 99.98794781174341 0.048535705580597374 76.98245988508488 66.03536713432638 -32.01358811303372 -43.00802562036547 51.0041008432031 89.97409387845936 -12.013798373247761
149 1490 0 0 0 -10.010475972822293 100.0073299721428 0.01952857209975377 76.99687000648231 66.02172351508948 -31.97417618083848 -43.01246574218767 50.95365732154865 90.00328817499648 -11.980779687518334
150 1500 0 0 0 -10.000463399350862 100.0033697439157 0.020729907399701892 76.98948088355104 66.01598338903594 -31.975601806048296 -43.00902926215381 50.96002341653539 90.00084391941573 -11.97538106519066
151 1510 0 0 0 -9.995945095198898 99.99986819645315 0.013713387732402504 76.99789065678326 65.99411802446862 -31.986699006712737 -43.02020058489944 50.954869148571724 89.96469009919937 -12.052194118313386
152 1520 0 0 0 -9.999415217339498 99.99431645908486 0.0030317410144187797 77.0074524841743 65.98945104011923 -32.02765922400535 -43.02031327023167 50.94764531006269 89.98379225724733 -12.039480990854601
153 1530 0 0 0 -9.997754353683387 100.00618851613736 0.012161764687977085 76.9944569209722 65.98981046099365 -32.033861109356465 -42.98955185170726 50.999264063543436 89.98865752197943 -12.057148518364698
154 1540 0 0 0 -9.995813824582225 100.01833667281502 -0.0027446358699129893 77.02135081806942 66.00026349626823 -32.02744213552189 -42.99398916155837 51.00163553722365 90.01104564408475 -12.049950331504188
155 1550 0 0 0 -10.001030214257826 100.00993575427064 0.0038754769218834733 76.9927030625627 65.97150987497837 -31.999962878780366 -42.961396769533756 51.040745431657 89.99725875592208 -12.031934184172332
156 1560 0 0 0 -9.99989957809786 100.01052645295103 0.029454187805397346 76.9723361232013 65.97457927821611 -31.997564166646644 -42.96975166739779 51.03619745076668 89.9740149852732 -12.011221793674027
157 1570 0 0 0 -9.99905905865299 99.98161756832046 0.028073089007446643 76.99512077943322 65.98834731052347 -31.97528154988594 -42.95011572334836 51.009994693351146 89.95688743592359 -11.980069499473569
158 1580 0 0 0 -10.002535688975403 99.98017253411432 0.0011147863236687892 77.01616438171122 65.974251896888 -31.968641220245175 -42.960813869375485 50.99535612311942 89.98724310722079 -12.009903382461506
159 1590 0 0 0 -9.995273534800504 99.99293701948831 0.011246522768381235 77.0238795263401 65.98717767545469 -31.99126074586372 -42.9692823779418 50.993705438827845 89.98993676034897 -12.00156487936849
160 1600 0 0 0 -9.99856371333077 99.99699504263545 0.0047639422184988355 77.0122849240828 65.96591515719541 -32.00549928694363 -42.971274927971 50.9879135629765 90.01821672129095 -11.98712898021913
161 1610 0 0 0 -9.996984945334157 99.99892343896114 -0.0007623571714952268 76.99333380681482 65.96682513855671 -32.01208685656951 -42.98230849781839 50.99289473541533 90.01661548204792 -11.99176955350098
162 1620 0 0 0 -9.997592146623811 99.99364924085702 0.008203981315410828 76.99843730026174 65.98072678539349 -32.02081509909278 -42.99779655035551 51.001760755931016 90.01167666957241 -11.993867438814565
163 1630 0 0 0 -9.996799263098476 99.99683124854522 0.0015925437469646066 77.0054925097169 65.98085460373497 -32.011091935191615 -43.004266183188044 51.000292058774676 90.02276640869563 -11.989488283181135
164 1640 0 0 0 -10.003007929270233 99.98977617913089 0.009026927542113011 76.99318430455405 65.99866622191941 -31.986135351758474 -43.00044253382651 51.00022687755044 90.02292591743964 -12.002418920236641
165 1650 0 0 0 -10.004812643487638 99.99882913873877 0.014512165366061851 77.00869553930578 66.00867320725365 -32.002878317185775 -42.989148684511264 51.025917986273996 90.02033925748877 -11.99452959650342
166 1660 0 0 0 -9.998095991515399 100.00541166524013 0.013892458461497724 77.00164020166707 65.99661213328983 -32.011869691612205 -42.9905468518935 51.00125893669718 90.0068257104269 -12.001428749585275
167 1670 0 0 0 -10.000548927727271 100.0042004065661 0.012701973021854168 77.00449565448805 65.98204235829772 -32.0001131543286 -42.98698554494999 51.00555329072797 89.98919074143369 -12.006609729335985
168 1680 0 0 0 -10.000224428154278 100.00979673805263 0.008396303235939791 77.01266961797097 65.98509809321955 -32.00855540617539 -42.991073902597726 50.98821278960315 90.00588763629665 -11.998334716211362
169 1690 0 0 0 -10.00735056017928 100.00556964559796 0.011460808431277354 77.00084123506208 65.98895494126117 -31.995547987390097 -42.988729276396484 50.97778661551046 90.00393939274777 -12.008920497802423
170 1700 0 0 0 -10.003884705748769 100.0008716828609 0.006305943768289169 77.00230697773168 65.99150099199689 -32.002999867135145 -42.98515229625445 50.989315229470265 89.99514691302616 -12.005026426439228
171 1710 0 0 0 -10.005800016468275 100.00912180523365 0.0027535655780418023 77.00565641068236 65.99984445976612 -32.007289141139495 -42.99107306438627 50.98141901035864 89.9995049869924 -12.005759990971761
172 1720 0 0 0 -10.002984553731894 100.00474145277275 0.001647576698319012 77.00119461508743 66.00277304282284 -32.0013103378982 -42.99524065742487 50.98442178915481 90.00100621019465 -11.999027073276082
173 1730 0 0 0 -9.99924689532944 100.00587879270144 0.002205910263179258 77.00106965787344 66.0024173345905 -32.008681701624056 -42.997253730613686 50.99658552987047 89.99530154304409 -12.002502388241997
174 1740 0 0 0 -9.999339391304787 99.99985550651743 0.0034273300338942226 77.0041879132161 66.00645041895802 -32.005580831767716 -43.001770333211915 50.99560972509204 89.99333542193794 -12.004026628644434
175 1750 0 0 0 -9.998930873435643 100.00174825474257 0.00013646427223181325 76.9978983456833 66.00793659393936 -32.00805709281377 -42.998978897699075 50.996904826694774 89.99380556260674 -12.002970641694874
176 1760 0 0 0 -9.998450531775152 100.0023901760423 -0.005847287999361369 77.00229644711176 66.00899877905212 -32.000954889196514 -43.000790525978545 50.99388067896165 89.99767695892356 -11.998506126817903
177 1770 0 0 0 -9.997702712762653 100.001867083931 -0.00801087223992294 77.00106652535433 66.00368477474547 -32.00458818257495 -42.9952245758237 50.99803353378157 89.99673705038049 -12.001385678631994
178 1780 0 0 0 -10.000151140069452 100.00291821769727 -0.0011475353848771595 77.00253369639972 66.00350745607868 -32.002619339102075 -43.00096034735323 50.997778714073604 89.99923486235969 -11.99987554623662
179 1790 0 0 0 -9.99922829473298 100.00046836921742 -0.0016735487461115364 77.00141785114816 66.00040790425776 -31.99973747968018 -42.9995663030111 51.0003014328661 89.99649185270127 -12.003756459551127
180 1800 0 0 0 -9.998080959957257 100.00184617732052 -0.003328729428961905 77.00166053727689 65.9987382105658 -32.0030383926124 -43.00343821871417 50.99947502349476 90.00023564161285 -12.002340489202057
181 1810 0 0 0 -9.998640831535822 100.00127059833551 -0.002711005276683167 76.9979605848852 65.99633501203564 -32.00389608095159 -42.99810179425732 50.99803025157112 90.00110055153154 -12.004354421572293
182 1820 0 0 0 -9.999121680105107 99.9997290045985 -0.0030270767005947286 76.99721967745569 65.99951525758516 -32.00198481621693 -43.00342728498741 50.994721699161396 90.00295140269733 -12.000085636605164
183 1830 0 0 0 -10.000646346528104 100.00060168824857 -0.0014482196745689282 76.99733643350548 66.00077011198387 -32.004769070877416 -43.003579956994884 50.99508552128162 90.00337768999329 -12.002236452588738
184 1840 0 0 0 -9.999443318597312 99.99924762359228 -0.0016569559431298972 77.00156814899019 66.0023866442916 -32.003068500827546 -43.00172540870427 50.99515736874122 90.00384588581358 -12.00215424369615
185 1850 0 0 0 -9.999192469332545 99.99981948859075 -0.0014559066476095839 77.00147085108587 66.00253752076675 -32.00172341198342 -43.0006092705324 50.99307907999622 90.00241622832183 -12.002609261847331
186 1860 0 0 0 -9.999391044628284 99.9998066440399 -0.0015713619788035374 77.00028749158001 66.0034350921232 -32.00112680049195 -43.0006317405478 50.99475665837376 90.00068052110086 -11.99919369506983
187 1870 0 0 0 -9.998724307749454 100.00049721123466 -0.0012833280767904453 76.99939279683053 66.00203981657096 -32.0000449040004 -43.00004121932653 50.997800018673125 90.00124387329423 -12.001065820788057
188 1880 0 0 0 -9.999100861741821 100.00055745455285 -0.001282471063609352 76.99876157430252 66.00065006122527 -31.999771979059847 -42.9987482765819 50.99687234871618 89.99999577191349 -12.00014702674137
189 1890 0 0 0 -9.998536600138914 99.99962131099403 -0.00012216649994635184 77.00017621535906 66.00055434800281 -31.999540908549648 -42.99884191733153 50.998131192518976 89.9999354590242 -11.999692147405929
190 1900 0 0 0 -9.998527002957788 99.999559599944 3.850937609230288e-05 77.00044246551568 66.00016732968618 -31.999293701985422 -42.99787589898843 50.99745835430314 89.99916123180509 -11.999144089715555
191 1910 0 0 0 -9.998909346635068 100.00012117765256 -0.0007290488443119663 77.00125564477109 66.00016939645266 -32.000291056375374 -42.99900776338401 50.99764077466655 90.00077998532193 -11.999469132185775
192 1920 0 0 0 -9.999066293711829 100.00037991620572 -0.00018811991345050007 77.0003538986776 66.00133349939135 -32.00201191008078 -42.99887725531572 50.99857416271959 90.00013481196125 -11.999535733989635
193 1930 0 0 0 -9.999264117495606 99.99960914910103 -0.0013946586880210802 77.00024648769532 65.99919475591554 -32.000779111129816 -42.999891216110576 50.998047734354074 89.99986741283738 -12.000146882788165
194 1940 0 0 0 -9.999487836269262 100.00037427197117 -0.0006641750079376119 77.00016792809764 65.99983786437545 -32.000153954301936 -43.00028166830596 51.00024006910846 89.99863243760463 -12.000247658699353
195 1950 0 0 0 -10.000002116771519 100.00022725912338 -0.00010033952242817132 77.00066025702553 65.99943951452587 -32.000663733022115 -43.00071046503444 51.00012111118291 89.99899210515994 -11.99991705456951
196 1960 0 0 0 -10.000163103940784 99.99992408257168 2.8223324256831744e-05 77.00090294202158 65.99958900482434 -31.999145761069606 -42.99997326175187 51.000231027868075 89.9995969000227 -12.001786739785203
197 1970 0 0 0 -10.000419255171318 100.00035781600147 6.130610153685835e-05 76.99986834525586 66.00023412227574 -32.00002086800796 -43.000164059231246 51.00018111049786 89.99811330218355 -12.00086685977603
198 1980 0 0 0 -10.000331671603995 100.00017352191747 -0.00015003717004595887 77.00014122268229 65.99989911089067 -31.999833272761695 -42.99896909592785 51.0002305529288 89.99894370290578 -12.001027786162556
199 1990 0 0 0 -10.000458368968022 99.99989214051028 -0.0001377814858550961 76.99935927071333 65.99947605745899 -32.00048715205443 -42.99893879413063 50.999793134423435 89.99934079915957 -11.999617946136505
200 2000 0 0 0 -10.000553827117695 100.00020563543802 0.0001549354488612638 76.99965419059794 65.99960034480969 -32.00068844245651 -42.998677640758686 51.0002662206131 89.99952866961063 -12.000014716456066
201 2010 0 0 0 -10.000507777843733 100.00018812859628 -0.00012735908938193923 76.99948519205115 65.99912424347954 -32.00016407970403 -42.999139487272345 50.99991490471549 90.00035736012796 -12.000129559181664
202 2020 0 0 0 -10.000472948061184 100.00045889115061 0.000229811891976848 77.0002015150967 65.99957291714054 -32.00074863323373 -42.99905409473219 51.000136958041445 90.0007526201709 -11.999385592537926
203 2030 0 0 0 -10.000339166223311 100.00027161103196 0.0001454045403025172 76.9998663777818 65.9993647625331 -32.000569938464594 -42.999509695276565 51.000396019596685 90.00133525465674 -11.999942267623535
204 2040 0 0 0 -10.000160503973762 100.00010014711455 0.00022036141955669182 77.00084532828883 65.99951016670099 -31.99977199822667 -43.00018754580059 50.99932560073541 90.00122792822278 -12.00014153002053
205 2050 0 0 0 -10.00015422134965 100.00009614504893 0.00038856105841664803 77.00026977983208 65.99959979765478 -31.999780100049385 -43.00003318940847 50.99988878805936 90.00070413467063 -12.000163539494698
206 2060 0 0 0 -10.0001454508759 100.00017459835118 6.086294629369305e-05 76.9997761669995 65.99932092760604 -31.999822613195054 -42.999745329636404 50.99992232352637 90.0001510982193 -12.000198977444363
207 2070 0 0 0 -10.00001469021619 100.00019752305603 -0.00029891016795544425 77.00013066271464 65.99994164123937 -31.999878324931984 -42.99922297995634 50.99966730626228 90.00001706800867 -12.000176288936364
208 2080 0 0 0 -10.000079480428797 100.00018462870861 -0.00010017713120524769 77.00002211436829 66.00007356742722 -31.999623831695505 -42.99960808757537 50.999791685539726 90.00040561084231 -12.00001091638666
209 2090 0 0 0 -10.00013899232119 100.00024123556987 -0.00012745788661005096 77.00030572260137 66.00016974580298 -31.999880286879208 -42.99944439817918 50.99975553997737 90.00066162489784 -11.99983279639588
210 2100 0 0 0 -10.000026101213866 100.00031160094818 -0.0003260463356313231 77.00019163105938 66.00003580871078 -31.999867336425226 -42.999382268352484 50.999845093823616 90.00028023483893 -11.999982761799068
211 2110 0 0 0 -9.999908568454181 100.00003015042486 -6.763354199636136e-05 77.00001014755836 65.99988929089076 -31.99937500260492 -42.999598859547 50.99989474313172 90.00011822658385 -11.999450229413908
212 2120 0 0 0 -10.000020064768316 100.000114042734 -0.00011137480680053077 76.9997076431283 65.99959511176493 -31.999417343016603 -42.999794526257055 50.99996866263727 90.00015103604429 -11.999349850570141
213 2130 0 0 0 -10.000186009131063 100.00012365391973 9.886955311560172e-05 76.99965362157513 65.99999316936231 -31.999759212819523 -42.99983090324979 51.000181512227556 90.00023788637986 -11.999621167783895
214 2140 0 0 0 -10.000194152762175 100.00019412712209 9.942738957671431e-05 76.99992285085115 65.99973838584937 -31.999814843340015 -42.9998318902367 51.00000001425167 89.99984008835753 -11.99957609711926
215 2150 0 0 0 -10.00008795530532 99.9999890112974 2.9031759987761498e-05 77.00005355675462 66.00012996822053 -31.999462836559797 -42.999590731024746 51.000119274955395 90.00013978295266 -11.999657212349712
216 2160 0 0 0 -10.000137091679367 100.00019045610526 -3.7744638698778934e-05 76.99997183483447 66.00013820603314 -31.99996200823103 -42.99976497619332 51.00032322542519 90.00015697646099 -11.999763879781996
217 2170 0 0 0 -10.000135110646541 100.00003413392147 -4.0364054846224176e-05 76.99990451508691 66.00009941220165 -31.999949968006355 -42.99981386800536 51.00012243480145 90.00022739459622 -11.999394671288263
218 2180 0 0 0 -10.00011077086363 100.00014512139121 -8.079289276553073e-05 76.99988166388118 66.00021266210028 -31.999944719948118 -42.99983596085265 50.999996531084186 90.00005110527577 -11.999451165102801
219 2190 0 0 0 -10.000142083039355 100.00010329644195 -0.00011474586056583078 76.99998162571573 66.00016378824593 -31.999970412945608 -42.99988392866688 51.00022524336699 89.99999490354583 -11.999507498448928
220 2200 0 0 0 -10.000130830506532 100.00010224036862 -8.40982141715231e-05 76.99999364949032 66.00015307203452 -31.999786984852378 -42.99984479756293 51.000145875802446 89.99985467129405 -11.999519914180844
221 2210 0 0 0 -10.000117753481048 100.00013497553668 -6.116195891029094e-05 76.99997688490973 66.00012475766025 -31.999838963661603 -42.999764493495015 51.00010284832818 89.9997530663254 -11.999642043420272
222 2220 0 0 0 -10.000124667014124 100.00011139750131 -6.03632527717192e-05 76.9999358687131 66.00013035942675 -31.999875497001934 -42.99967406455272 50.99997407681945 89.99974539689022 -11.999675956938766
223 2230 0 0 0 -10.000071970250138 100.00006340626257 -0.0001452627056191448 76.99999820674763 66.00016671473621 -31.99982906018285 -42.999822862314716 50.99982596873371 90.00007143788262 -11.999602125216931
224 2240 0 0 0 -10.000045336048776 100.00004136131486 -7.563087449351583e-05 77.00002208257848 66.00016889602331 -31.99978151976873 -42.99988607279229 50.99997860300921 90.00015876495317 -11.99967061221192
225 2250 0 0 0 -10.000100334374878 100.00004600264568 -4.189386322635703e-06 77.00006494126895 66.00011097189352 -31.999874043155387 -42.999906119545 50.999963257395024 90.00009931113757 -11.999644896981028
226 2260 0 0 0 -10.000041581685108 100.0000291003797 5.481405295704318e-06 77.00000342960378 66.00012379779956 -31.999875533751784 -42.99984189048717 50.99996464459206 90.00024840704907 -11.99981354538265
227 2270 0 0 0 -10.000040235402922 99.99997733853564 -4.003872677236513e-05 76.99997225648016 66.0001527138727 -31.99983996736826 -42.999921214239734 51.000036964979856 90.00018654021224 -11.999959815176387
228 2280 0 0 0 -10.000034409045401 99.99999248532744 -7.645237789071841e-05 77.00003085733768 66.00006062948714 -31.999822493988 -42.99992261585318 51.0000287606146 90.0002436560028 -11.999931188419374
229 2290 0 0 0 -10.000008484131882 100.00001532970666 -0.00011046178857610921 76.99997029087986 66.0000447464728 -31.999780608195834 -42.99998005968891 51.00000560017305 90.0000861765975 -11.999994065825442
230 2300 0 0 0 -10.00002679975006 100.00001418916294 -6.465511870269948e-05 77.00000964199086 66.00007838228989 -31.999832042148423 -42.99994417414952 51.00007889831515 90.00014909720163 -12.000032593183198
231 2310 0 0 0 -10.000041728695802 100.00003495805507 -7.192791354693881e-05 77.00001709285455 65.99999218887726 -31.999836873629867 -42.99994074599151 51.00002659779574 90.00013491357983 -12.000006245796211
232 2320 0 0 0 -10.000043684694116 100.00006460186334 -1.372595689539145e-05 77.00005498149433 65.99999310338775 -31.99989585012805 -42.999913814579834 51.00005501975138 90.00008035621943 -12.000007832374711
233 2330 0 0 0 -10.000047539761447 100.00007888810434 -2.3592059764574624e-05 76.99997294325506 65.99995682499264 -31.999913862296484 -42.999944598124046 51.000010235929466 89.99995779188998 -12.000012414781382
234 2340 0 0 0 -10.000011929340975 100.00007418446515 -1.4925984805955067e-05 76.99995683270036 65.9999210303302 -31.999943887461864 -42.99990979110723 51.00001601115299 90.00003447427714 -12.000017978642832
235 2350 0 0 0 -9.999992240471993 100.00005736592786 4.2625596029225343e-07 77.00001057341082 65.99995008685725 -31.999981487102026 -42.99993347732535 51.00001894848351 90.0001053427346 -12.000007521029483
236 2360 0 0 0 -10.000010444786236 100.00003453502994 -7.206982140048788e-06 77.00002485494893 65.99999907358414 -31.999948073564006 -42.9999575472658 50.999975548609534 90.00007802254785 -11.99986346584409
237 2370 0 0 0 -9.999999932850292 100.00002346157181 -2.075430098878522e-05 77.0000504727175 65.99998720524731 -31.99999405025209 -42.999957174793295 51.00001480571367 90.00001387192648 -11.999960399854537
238 2380 0 0 0 -10.000002987655167 99.99998267256382 -1.7563635401492158e-05 77.000025564762 65.99996962015987 -31.99995872113812 -43.000010798555486 51.00002661575306 90.00002900718553 -12.000002921097252
239 2390 0 0 0 -10.000001836940351 99.99999251185108 -2.3224588671541644e-06 77.00002782120626 65.99998486644748 -31.99997097442397 -43.00004448202636 51.00001671381945 90.00003250199622 -11.999944756124124
240 2400 0 0 0 -9.999993097222495 99.99997957938825 2.2032992520865708e-05 77.00004208722805 65.99998742732991 -31.999946748522227 -43.00003032780914 50.999994923370295 90.00007195306064 -11.999978721666801
241 2410 0 0 0 -10.000007180668774 99.99996492267911 2.7838440212336754e-05 77.00001564953968 65.99998510344086 -31.999953303918115 -43.00001557550664 51.0000532878799 90.00007357593167 -12.000032783063935
242 2420 0 0 0 -9.999997917405384 99.9999888702797 3.8248132580751286e-05 77.00001408807476 65.9999730829471 -31.999984428162996 -43.00003320804995 51.00002364061513 90.00004563675057 -12.000029913544685
243 2430 0 0 0 -9.999991072236181 100.00000140428335 -2.1905082002904055e-05 77.00002066839926 65.99995865879585 -32.00000753285555 -43.00002045725635 51.00003792064526 90.00001810259317 -12.000027986955914
244 2440 0 0 0 -9.999986613947904 99.99999635973192 -2.218040599185326e-05 77.00001319443327 65.99998589715902 -31.999991850397894 -43.00002058313494 51.000009443799875 90.00003119156062 -11.999965964010935
245 2450 0 0 0 -9.999993744315875 99.99997504455649 2.2726490528593756e-06 77.0000002261534 65.9999631371809 -31.999983326731112 -43.00004012445527 51.000029556773505 90.00002793554836 -11.99993090534368
246 2460 0 0 0 -9.999990281735464 99.99999926886493 5.670827156334974e-06 76.99999945051051 66.00000262833824 -32.00000083381224 -43.00000549516081 51.00004006179181 90.00001471575162 -11.999968436799922
247 2470 0 0 0 -9.999994189683727 100.00000231860115 1.1993758939098909e-05 77.00000449709043 65.99999133952204 -32.000005336464746 -43.00000346900589 51.00002452026589 90.00002752820856 -11.9999842666119
248 2480 0 0 0 -9.999995686488715 99.99999604829522 3.591606536587994e-06 76.99999680516513 65.99998872168696 -32.00000844823271 -43.00001573566735 51.00001057313542 90.00003568423695 -11.999971805068045
249 2490 0 0 0 -9.999988009282898 100.00000014398965 -8.610149604146112e-06 77.00001361290178 65.99998845345257 -32.000026780550776 -42.99999940058315 51.00000430126079 90.00003764908587 -11.999983640303347
