% # columns="iter, evals, sigma, 0, fitness, xbest" seed=1118674, Thu May 19 18:52:27 2022, <python>{}</python>
1 10 0.49815152326210155 0 9.416758963638957 0.06513080562816796 1.0339647390568862 -0.16988031861777475 0.024106545953614687 0.9786356768823126 0.12315591705962668 0.12625372559443038 0.1792532077963164 0.213703974271009 -1.1082682296850699
2 20 0.5292953729920279 0 9.407574971832437 0.09823850048421032 0.7715218577750179 0.860523469044884 0.5403878510897663 0.9202989476189618 -0.3534967042541986 -0.39287484486745083 -0.4545946661114357 -0.4163771382872752 -1.3300343942603932
3 30 0.5697594949604518 0 9.36395887725951 -0.28834879841594196 1.4628888967133227 -0.26923180579257516 0.28452774861975416 1.5676095445816811 0.24270507278279213 0.20119430990601583 0.111101958128631 0.43449081653914035 -1.6545436095128156
4 40 0.6609092061436412 0 9.325476476088275 0.17537369721302076 1.456615269372167 0.3096489454522075 1.6973453689466858 0.8764917312746467 0.5344873276530995 -0.6940290405680098 -0.7909722782904476 0.09524297270159726 -3.308288295796832
5 50 0.7837924823876021 0 9.28448570461064 -1.3874121094694076 0.7383361244627535 0.36456564608365727 3.7460672320728614 1.5947541160070484 0.15533186681762828 0.34765652464767627 -0.4757475301711934 -0.025574494158995542 -3.724800610835679
6 60 0.8591562480203139 0 9.232118751013697 -0.3671618738099768 1.5661541769495329 0.639063607421587 2.471043983759608 1.3651076538529814 0.12594810781649016 -0.25366693851633515 0.10223193525081942 -0.21229111572077286 -2.936306443272609
7 70 0.9225417550582097 0 9.162779476356834 0.2072012147155599 2.24105769706634 0.641026896762804 4.151704897827091 1.317093359369866 -0.699310186468812 -0.4931510617407838 0.33758576948682434 -0.2301969722749737 -3.436445537713668
8 80 0.9656747886536505 0 9.099351881601557 -0.631721545534457 2.9956287731558113 1.013204932049995 3.3788370658058975 1.7136364355231755 -0.9173902112187539 -1.439697706154396 0.1432433406386905 0.2621061718668864 -3.076315882954959
9 90 0.9827738000122248 0 9.01423043038696 -0.9924810686184007 2.816469214892881 0.6073682918969479 2.9752693963062713 2.8201179461147015 -1.9651179107016268 -0.9897214451516558 0.8598695357636917 -1.4795518053645655 -1.6414022936516655
10 100 1.0713954567358877 0 8.986036710367452 0.538611539658969 5.563520652996793 0.1450210014326373 4.31846529796626 1.929235418484905 -1.2612162455460325 -1.1953407360303154 0.24829687979459175 -0.5669335414562328 -5.82679625684919
11 110 1.2390117615921858 0 8.888215320336208 -1.678808353762792 7.341529930389578 0.7727205636041274 2.997663282786495 1.91466299393751 -2.8695650051895125 -2.149302724984162 1.1004542003370381 -0.6080897760619592 -5.2627247404696815
12 120 1.5551783177623544 0 8.786282488364282 -0.873978971836892 9.39904900280978 0.5152555917577757 0.7481647325435947 0.9207756793806123 -3.84933050305386 -5.575405528358508 2.8381914844843816 -0.8578994415903842 -6.039387049795484
13 130 1.8045304106379727 0 8.681297728667616 -1.8570014645134503 10.233796511750349 1.0167126684392218 2.1756193919368827 2.4303290402043345 -4.219368608785593 -3.983514533843241 3.4134663684061515 -1.4212182633881607 -6.169540890210608
14 140 2.046427919560281 0 8.40671500788639 -0.15891492650205757 13.043201945714571 0.3387793295887528 5.106191168716056 3.806631981041267 -4.133801093721899 -2.0962481070103163 3.409005820148397 -0.5369488516477108 -7.655041299318973
15 150 2.446744543053391 0 8.115035991789767 2.6658092146584043 16.4797684478889 0.4959598979230805 3.8146948595085375 3.4699541974323966 -5.246479123290667 -6.888730974585211 5.6230741206311725 0.7385318913766268 -8.99391330839491
16 160 2.882655942179618 0 7.819589228060057 -0.7812544578220882 21.880083908205727 1.181751275311305 4.8440207505524295 5.294191840393493 -8.19731226941354 -4.551962393891527 3.65059803686653 1.1860004096457972 -7.223459289793022
17 170 3.3784366396971293 0 7.44502850333939 2.644579238205617 24.263118372441493 -0.3819050906471837 8.331184372475363 8.522536228936065 -9.169672270309803 -6.245736306663175 6.505361701705832 0.39359184808320924 -11.023750144135118
18 180 3.6611947176903783 0 7.317122378555968 0.6670718169374887 23.24316030467977 -4.541233036389728 7.053266931888596 11.142186891796266 -6.934412609890222 -6.960125509561961 5.0915388834077175 5.452702296686836 -11.346929173321122
19 190 4.230407213205931 0 6.8555811309247146 0.8139877893586384 28.841743771399504 -0.3065117650447411 9.536695433909937 13.085528242706419 -9.618398459790155 -7.753252473577142 7.712662720634189 4.9189354040958255 -19.61834541097233
20 200 5.033224818132876 0 6.539778887092859 5.3945087858689185 33.63993659760468 0.7801659870136797 1.1743740280050963 17.30146211113021 -12.371861682665687 -20.80106285952656 6.384885768566029 9.493938153019265 -20.90326329043137
21 210 6.14068448765023 0 5.817596880937027 2.957659123880508 44.172457998372366 -6.0827621150008175 11.53304131090082 17.526769295700216 -10.53315421437057 -10.307810372404798 13.677751902923102 10.814935303365512 -21.428501868859563
22 220 7.716586019730009 0 4.879598369618441 -2.5230757184267487 54.09468092488414 4.077922094646383 14.897348858843472 21.3889227827935 -14.847982918981112 -13.591829177966844 19.01235364909583 18.219220188138568 -24.58624938647792
23 230 9.597049777876999 0 4.471447063684307 3.6140677336725737 56.44264075393594 7.841070473054156 19.523562819392154 29.741633270387062 -14.304246780774866 -8.681325300119916 20.92872112375571 21.89622014144979 -23.061027318219637
24 240 11.979938987765909 0 3.8343734761212294 2.138885960239408 73.24894780242113 6.351686054528648 50.602705913707354 24.753309087259012 3.349914988474561 -9.860569342204235 29.512357591835645 19.997201813710376 -29.304017934725913
25 250 13.670983213688276 0 3.916066518669959 7.688461006347833 78.48316672230891 9.471589460538235 37.94370695445306 43.35383229791803 -16.850179304742856 -5.383138843852757 7.2085235124697995 29.980415335554515 -52.17055557343384
26 260 16.115448339508944 0 3.1995484392649933 20.39122596628426 73.16799837435809 11.946140624548464 58.874876557795844 40.65778236138183 -12.891420529901517 -19.676195115773357 -10.78223182890446 54.810667836895014 -21.57079762893204
27 270 19.31047735233105 0 2.9702073250996524 28.17855984209134 95.19124882297183 2.3323919478964115 60.67209188537336 52.84210632947334 -17.26579678635294 -10.220878482524569 -4.913288726001943 53.29703942893915 -20.906577773974508
28 280 21.176198422905813 0 3.302346559887235 40.59513810972326 63.0357357824777 7.517058534705067 68.96795161265344 66.10197737882142 -25.073122100133208 -20.331296700504772 -5.428064487804438 55.20834841658375 0.1867085611941377
29 290 21.2627286563915 0 2.660312126327011 24.837566211239675 104.13761534378065 8.512592419899196 73.10689001175125 40.335971030869395 -29.102449406020078 -10.447795357769529 35.67376892735775 67.2341170604223 -65.34937114213757
30 300 21.689829536908015 0 2.2455092413365554 24.256178160139847 90.18815003893246 3.8303890120548223 71.89485682281136 79.33632118872646 -31.354612786653227 -28.98645307690974 34.12682030246031 39.94370696357498 -22.755545494547622
31 310 21.620591686439194 0 1.9878073915931278 13.673365118432024 80.8496938406919 11.141689223448012 76.34524951452539 69.72779040168658 -22.307996792039955 -23.133510430159383 36.71058801341907 60.09129332010149 -48.02361792388284
32 320 21.869631232619938 0 1.9129782716219608 -10.372434069382704 101.45978703329581 17.67049201712964 62.28843979838552 74.58727544847089 -65.06218602659784 -46.24070645056379 73.65622183100407 69.26966723875464 -43.79366632784441
33 330 22.319863285888555 0 2.2788105343731644 4.030547837006784 82.18880839868883 3.0085100084648246 79.15536966356193 43.07576343182026 -33.454611641848764 -6.02922425740886 78.43638852470201 48.910684440069474 -27.859259249927852
34 340 20.64224310178872 0 1.6856996091004273 -0.04063189069021245 92.57184693002303 23.231845992327955 59.093492324531 61.98727255047132 -53.0324270932756 -28.463032011213585 57.600049662398206 74.30553277936693 -40.315689001255535
35 350 20.93727094296191 0 1.8976454888903382 -27.379415757711573 85.93305397075775 29.718814767761703 92.20153900334051 46.6069774360751 -21.968390670123558 -9.935574329085764 30.925887083587348 88.85646166438067 -9.917112582067077
36 360 21.439505138938586 0 1.5087366171677687 5.436587138561624 85.3928136146356 -2.3971267276773744 78.35830834527081 45.01990289061224 -16.973884614888874 -28.747049660159377 69.86222218356721 79.11180881327373 -26.501444466979954
37 370 21.429984310623574 0 1.7813718480330838 35.096796436779925 98.83568488853183 18.342551916718378 83.2524900708022 61.663193514616886 -8.875234166515536 -49.63547115959719 59.95213507183797 96.88109646820612 -19.903543875790774
38 380 20.069928645706234 0 1.7561978416971515 10.635640629838022 84.1526557692708 21.178884774917893 39.22590243819556 68.27383002595883 -38.71178516959073 -41.92699441190669 35.358102027925874 77.73220303161456 -8.161502074655756
39 390 18.73561270742255 0 1.6594007597185265 5.931044193453896 114.09628258637932 17.256874801743493 70.75676200588556 59.05584705694503 -27.763537626970134 -40.41712701145733 80.76696399171963 84.56724491362705 -40.87345262672574
40 400 17.72054076380045 0 1.6477330622342032 -12.023462355062184 85.43938946970559 34.0763618207499 67.00208312131682 58.62404610889876 -26.87869534361537 -37.031782380358415 71.10562417160087 80.48071185815672 10.974763330766166
41 410 17.97784434191255 0 1.5057464530244937 -5.522159382486349 84.22189991762204 21.28013388273568 55.63448712551499 67.28351623083542 -22.532012679890478 -28.12584859109999 64.76625215925645 88.87588251307824 6.399550529780409
42 420 17.656187297173346 0 1.402851827829171 13.540762947217653 89.91994649507436 5.076219348439862 57.988205972466226 57.8954636158314 -24.451204335376794 -39.60331583123802 42.15029153147909 101.36224014118308 3.0433629582713264
43 430 17.209152818409944 0 1.7435770829218549 10.832699834583819 99.65455287317138 3.853083991153505 85.95836830540281 62.70777764326 0.9165749507938337 -16.094265119261408 36.286713689844284 100.68346476414389 5.128523518995468
44 440 15.808773544423312 0 1.3169324143946681 -24.94900132511167 83.33231828976085 3.6005000007323424 66.17418008507862 77.44815794995559 -17.372562791915986 -28.735920086899405 40.673583604462905 82.3753306039807 -14.305303157188934
45 450 14.554762268260015 0 1.3445915246634788 -8.009011708361147 81.94682061723175 12.134418745261257 72.65141568146463 82.23480185893467 -19.38394617930552 -23.77990535651092 41.66520564992156 83.62746452422735 -13.661258709409001
46 460 13.65075811212056 0 1.2851376458095303 -15.796702256267736 103.00778318886364 0.013939598915682971 78.13490389162529 79.43919326315209 -43.976711190588816 -34.39557345490276 44.23397792660401 75.8425316545755 -33.23954457417733
47 470 14.635371691364371 0 1.2251626508112783 -11.93040005528807 103.1157231640007 -4.44753549282958 87.90698316322232 67.76885923624924 -41.035412474326506 -19.973544726554977 44.9131529560358 97.61879371864956 -23.245778096010387
48 480 14.099524681600146 0 1.23422073482998 6.767060939034174 99.36893256672445 -1.680075086741109 63.328303807017065 65.53207606912252 -45.419939015894286 -32.39940202924349 36.79011981487905 90.22189513379223 -15.74583402722708
49 490 13.707632433928556 0 1.2576876232146823 -25.06275697512775 108.88779270452545 -1.9433945350663562 75.85060704879348 72.53357900626261 -46.147481998985256 -49.24263878904354 38.18023397471049 83.64318632617216 -27.12132669061189
50 500 13.077358556598067 0 1.1104622872697996 -17.458986104751865 106.0239186665008 1.5418128771860875 89.3802731956454 57.26411758076824 -34.96735375883062 -40.45378607787976 59.70932098294636 88.60242812392933 -16.940977304286797
51 510 11.541852088933034 0 1.2289451796635373 -23.573755659217717 92.36402006927005 -3.812434522060989 62.38434793621822 77.84854755400792 -40.624663949943624 -34.1327617537726 41.017667255034354 96.58636314008749 -17.61148869069337
52 520 10.70879173247474 0 1.18526668288854 0.16763797014838033 107.41162000753158 -12.634778241119335 88.13436830626719 73.15366905526501 -43.14426255354697 -46.70969278296374 47.474354696793334 96.1229851861426 -19.6384826038473
53 530 9.387491261813024 0 1.0860124217044063 -16.804818747463877 96.64194068192361 1.663789429515215 78.49843085253504 64.83979056121595 -41.44132062207218 -45.33641148430025 41.240895660627395 85.89731971727954 -13.852018234102978
54 540 8.756633592946612 0 1.02569948723845 -13.756745484368988 110.18913149417739 1.2729894820492094 85.16900727629123 67.52528665894829 -47.37178020063074 -43.98155197468198 51.998071560213944 99.66266753574722 -23.129495227493173
55 550 8.114779228973276 0 1.0562163686800916 -19.825323758254218 103.27004086274319 1.833954468960559 79.9854123161975 63.595015905123574 -35.62050168517042 -41.40855904711043 57.15903626541923 95.7530614319493 -15.630090505637547
56 560 8.227951204621899 0 1.0643578112983707 -14.272788703523386 107.74921900213354 2.8113278689873793 80.0843580028702 64.95642411226346 -27.607533934164543 -46.392536027782846 51.840865438762854 99.77502589923995 -17.790748540620744
57 570 8.10460624795175 0 1.0079814632691175 2.074750714032934 98.84002151830356 2.364089339708928 76.77869417508641 72.59343343764046 -31.711092900405472 -41.60614803244205 49.03360279188075 98.05608185724748 -13.81348100001412
58 580 7.780799885894444 0 1.0548244790904993 -3.05029511115482 108.45484466262836 6.869750526302965 75.34297091607232 62.313129377463135 -32.61982699914054 -45.6413197181726 55.74868954919267 90.00834790880292 -11.950052343500861
59 590 7.589280029936569 0 1.0979762971611668 0.3446481559642809 101.61518053994197 8.789677569509546 65.64060614097002 65.65978557426232 -30.825660851063784 -42.494475059252686 53.16995143628129 87.2882402597069 -8.479064002345165
60 600 6.931270300730652 0 1.0444107148594783 -14.88490548838061 106.69042389194085 1.8856847962615415 69.6008321988521 65.63322519002949 -36.3479621114124 -46.633886736760466 54.41122816190752 90.95818837695111 -9.557932505340194
61 610 6.4728389766879255 0 1.0270170885401728 -5.48812232201024 108.41767532242014 -6.004865501385682 71.1524333132174 66.1217519344535 -35.192480983843204 -51.662615726695165 52.62269888134473 89.57654806911346 -10.906872436436325
62 620 5.824460160317525 0 1.0547618856895058 -7.271989891268668 108.67308898213442 -2.384744694030309 78.00019024380228 56.66653641377352 -30.21464663083817 -47.254462638315765 50.23677569930554 94.42292359708603 -11.40515596193986
63 630 5.690924620427121 0 1.0354863923357607 -14.249358090996019 97.96188463384512 -0.8406868004396083 78.38927989092609 66.92781534869535 -39.34239743410155 -43.37562275302682 49.695268975557376 84.42416916708567 -4.6748171801683736
64 640 5.329970184573833 0 1.0177831742753436 -9.301211088412673 99.60036410670527 -3.9588483597893527 77.35436624013676 62.77493873643528 -30.97325958061267 -40.883738459888555 49.90673042368317 85.6788269434733 -10.348016730518895
65 650 5.234566430105347 0 1.0183398865640834 -10.187224349659958 97.67701550115372 4.987355193964128 81.69887971047424 65.69042639102744 -33.086236080063486 -36.68754311892475 52.5306878673893 88.82470867599304 -15.725406051944837
66 660 4.88892978270262 0 1.0207770492761152 -8.152440804556 96.58378831914644 -0.8716052933215845 77.54190128879355 66.9444404802203 -34.063975010702244 -38.38668482176688 49.64886333384748 85.6524890027133 -7.749718586075152
67 670 4.452939024321567 0 1.0040425795954175 -9.311956948670987 97.92418229583353 1.3431038889577784 75.70733915164277 64.77608330480571 -35.41265344608106 -41.07574939063697 49.15140998856115 91.12059099194194 -11.082012551162146
68 680 4.335578922791713 0 1.0245301734475727 -10.447011656608275 92.75530066047249 -0.9360337034510614 75.20572996847442 60.155970754447274 -28.935757419513948 -40.848040092888766 49.25579496268669 90.22182342507544 -5.613063814662102
69 690 4.5770340651907935 0 1.0138666324231864 -9.627544776170176 95.24966857895934 -5.258760249732433 75.67203872957626 63.676733588140216 -36.19153386581608 -41.12248490268466 50.10258146385162 96.87851937348358 -9.89302632622589
70 700 4.3876281361779945 0 1.0068639126174455 -6.149177852748139 100.30017744558283 -0.9157385242980305 74.78328742683559 64.65961371592687 -30.83335478184115 -43.07442796760345 55.09830530947018 99.4108050654818 -11.843560697654942
71 710 4.261661715126719 0 1.0089908405562698 -12.228555100332668 95.52526135624119 -0.34906814846471823 82.2836023100523 64.91454760657939 -31.474974373102317 -41.05142274336774 49.530602917343565 95.30800937028027 -7.9903407473115955
72 720 4.106007873288004 0 1.017709141884269 -10.945892825181506 102.4019573922615 0.6855962508716722 78.4608369162205 64.51022183032399 -34.79352976689972 -43.69401564651273 48.205115606951146 94.86976834543113 -7.545820828473487
73 730 4.2575134166682975 0 0.9500358161728488 -3.397165841976781 97.02342950323211 4.414820266893689 75.84546196494294 68.48848706659776 -31.582957308532936 -43.10188005078772 51.32198235235045 97.51676964029174 -3.723497722363195
74 740 4.063907925750254 0 1.01488438656984 -7.132652138375357 98.4833831884974 4.08528494023305 75.83782294564212 65.85891641608315 -33.265118113612985 -42.34557199415621 55.7570552028703 97.00614346274035 -9.476548117806924
75 750 3.778692333875891 0 1.0176511918615538 -7.575782471466298 99.08387339237102 0.901556521447723 75.49595669651218 62.828056940621124 -30.953211597036606 -42.79477476533198 48.900049548081874 94.76485878668747 -7.2380507270882255
76 760 3.5600272648700497 0 1.0028255998841866 -3.6254431575336663 103.05900959584802 1.1988905078744978 77.8652599171733 66.94506079930487 -31.969983151510313 -43.80314087165341 47.82278073187729 96.43960915672513 -8.135865373011606
77 770 3.2237206483878706 0 1.0059402021832937 -7.021895774074618 102.64096479400251 0.1199119821849517 76.3450195285048 66.46609887587601 -35.09137656224783 -40.832392677565075 48.182463443587764 92.52609371563342 -8.424221122372357
78 780 3.106384510255965 0 0.9883619693080529 -9.207352553239637 103.44544332032673 0.7660779234112923 76.97557873969913 64.97603103592351 -33.79794412206238 -41.37566433433093 48.55342853857167 95.31760448097879 -9.822837043035234
79 790 3.217431765538252 0 0.954514922363209 -9.436528202077172 104.48555422106115 -0.7983010559273171 75.35463869743577 64.91087527325037 -38.321704095665254 -39.90276320661023 51.4498968530405 93.02837202320156 -13.742100643363944
80 800 2.9588827701213423 0 1.015236244535222 -10.128729751378325 101.6182922209752 -1.9379548933242274 78.62644956449596 64.54744515428565 -34.25981539870893 -41.7312994777363 47.973191470641304 94.84880108925526 -9.275018835160408
81 810 2.754892484430535 0 0.9951035542890788 -8.798806935140432 100.25313642950073 -0.4080718784491575 77.17802514825841 64.74059435001824 -31.447776517847387 -42.72157846961015 47.90621938772701 93.00526707012622 -7.7197331535743015
82 820 2.6927234026901328 0 0.919977908934914 -10.745457878071162 100.05708648498607 0.5798792426567918 78.87546111642376 63.81193483898722 -30.199353205525107 -41.93274750867701 50.615505468871234 91.34391836373264 -9.131868736132237
83 830 2.8555179859965043 0 0.9467184022980362 -10.172175204038568 100.70119457158397 0.9783282211517397 75.85556826010378 64.13351648014493 -31.43339218958307 -42.3677770983626 54.930060898948994 91.29102564666819 -10.823978738443207
84 840 2.934404361799517 0 0.9876076254819508 -7.805684885814824 100.21702497670685 3.3087452769118864 75.51258640627756 63.49405582350928 -31.951740393020884 -43.19493000418876 53.35525254777918 90.12404875421798 -8.844367988549376
85 850 2.957749306975078 0 0.8977959044298924 -6.758579171307375 98.87982412730689 1.5982925191718849 72.81556324496013 65.72275905320005 -32.028269421615974 -42.96860565533449 52.499594048829316 90.99952352281495 -9.32696016655252
86 860 2.920666394962154 0 0.9941343396960229 -7.859060678652017 98.58934247648033 3.965003437174183 75.01400856094595 63.753778297107765 -31.92343940340325 -42.411861348365626 51.742726742270534 91.48855250026305 -8.277522056280022
87 870 2.7569620846606275 0 0.9999287216029218 -7.198473156388644 101.01008450859538 3.320185477609602 75.90078178383195 66.15850781775677 -34.79630900476135 -40.52825107255722 53.21750707771354 89.45375356054086 -8.279306010048595
88 880 2.5550413167369816 0 0.9345901800654801 -6.920354074645409 100.99734661371775 1.026573110045757 72.48044288290049 65.21411466512053 -33.160665680115684 -42.08264939352069 51.70173752158372 90.67566062092223 -7.87797295972998
89 890 2.3026026663835295 0 1.003786824838098 -8.071513345914685 102.56604277843736 1.6342288392539481 75.77284750426637 66.19480723873895 -33.2567890336431 -41.21837961826415 52.7472784083726 93.24459063513507 -9.129641950157621
90 900 2.206588936764115 0 0.9970628689508927 -7.3873467393325125 103.59687447756731 -0.4292819464984783 77.01709291675931 62.604518427513426 -31.750988822000124 -41.53670412206018 48.70721973497834 91.2065807882522 -9.674390358872527
91 910 2.0600583799214234 0 1.0033029647145624 -8.150319823159402 103.11883749472096 0.250711163475282 74.61328646235754 64.93908579883261 -33.14691495728061 -39.34194899847466 52.42185923637865 89.27886133072602 -10.439164521913364
92 920 1.979901797787976 0 0.9942258699510039 -10.285030689957889 101.32098387673445 1.32377535944545 74.13029942065813 64.59328388343333 -33.04281772190785 -40.61102437460887 53.02707486195769 89.94748353771419 -9.502050605700896
93 930 2.0568818187958957 0 0.8144007061926928 -10.16959682943313 99.74020586426265 0.23305244722294627 75.1792449020994 63.95297232996138 -30.78333510457851 -40.77370899310017 51.884164440243865 89.64596373984828 -11.036095713969065
94 940 2.166486825917946 0 0.6813205210879556 -10.105263866619286 100.35075558389163 0.8177689824686594 76.8386728921315 63.740088567726154 -32.063883857104024 -41.89125401771294 52.42153650291107 91.41031504739192 -12.420018685321594
95 950 2.172457884215608 0 0.842181898536183 -9.658281576685454 99.09420399097844 1.9014675317937675 75.65972197098088 64.41615410886833 -32.190771666650015 -41.31440817527801 51.401883865646866 89.63207578087692 -12.233192635545498
96 960 2.102564337148383 0 0.9218247813202428 -10.705108826104428 99.68089707830433 -1.2508349637033587 74.82322920044813 64.27797705763305 -29.59496035811629 -42.18090886106223 49.52951352541252 90.6316809215269 -11.703941455444111
97 970 2.056407747089136 0 0.9363026253991542 -10.496571695380021 98.6675024477152 2.313716570691729 76.40017956964309 65.7711413295999 -32.20759031712294 -41.503274645143826 51.74147057195414 87.7663038967914 -11.550257929037139
98 980 1.9439175116169052 0 0.8913696845162392 -10.669648728234094 100.65081324454017 2.0254503117868277 77.89671612571351 65.81533529567314 -32.32691440370368 -40.507171140753805 51.947957298271824 91.66850247226202 -11.337634306888408
99 990 1.841262474594755 0 0.7641356054878379 -10.980230252690498 99.26543246704956 -0.40149430585583534 77.73736957623578 65.66571268239416 -30.855880300208685 -40.921789201275125 51.40300881759659 90.6058665274542 -13.44254731129176
100 1000 1.9230080068950717 0 0.7583494602119834 -10.430440651128924 99.11291764408513 -0.2656615187496907 77.5899287771507 65.04724787163367 -31.7028422484177 -42.01425464563416 51.864003561728865 91.16720023151737 -15.399345173539748
101 1010 1.9069985643653191 0 0.6360008558885717 -10.281195489271985 100.06510683496417 -0.32905207266379477 75.60582273833766 65.54420927417165 -32.17176038872907 -42.058614659716845 51.0662057676337 91.0969687089102 -14.95379527141451
102 1020 1.817485798236537 0 0.8309015416509429 -10.356188561012448 99.74889058144076 -1.3445645969915276 75.72910646075827 65.40266136072452 -31.71549263928151 -41.279716173766715 49.37278712922564 92.0748671645604 -14.654502918582882
103 1030 1.6320226740446975 0 0.6644018357425807 -10.27780227540486 100.25096872378109 -0.7442480055856838 76.54076937912608 64.63348596331429 -30.66072019137963 -41.06676301367042 50.51490831888164 91.78107300011409 -13.002631733528155
104 1040 1.4687317353443103 0 0.6076550678863593 -9.89771541181409 99.02997679777282 -0.07417393158451191 76.07758632763272 65.10115834578306 -31.307202958527192 -41.23966844305439 52.04523279111337 89.56324045055506 -13.472337954917462
105 1050 1.3694156232233676 0 0.5687002688664431 -9.247181664714944 99.42861346883767 -0.42121710062140344 76.83409539412985 65.87214611492234 -31.256347743555168 -41.06835743525149 51.82009106136054 89.40733303430272 -12.00871129556872
106 1060 1.3337482593938819 0 0.462258437444397 -9.563535518475067 99.9411152902249 -0.6058470960115748 76.6313408398597 65.16028994250915 -32.89131660395223 -41.47202669245953 51.3567301167134 90.27961377598865 -13.450559155964344
107 1070 1.2327599476628235 0 0.4114057646067866 -9.622835683835302 100.70072745345335 -0.22660577571447688 76.62987358496318 65.46165281061329 -31.870594780985908 -41.43910896770394 51.75684295551779 90.14329995686656 -12.970235434555056
108 1080 1.102820579026509 0 0.43505004029434546 -9.621515494602917 100.38321018714281 0.06829639097881902 76.38810535823234 64.95498619545333 -31.861314996892542 -41.375387235356136 51.98307075278494 89.73751790476011 -12.734524574289164
109 1090 1.1388891859042587 0 0.34074628019072906 -9.757876787197937 100.15105800978141 0.43789182557983597 77.80811566802079 64.94990652268285 -32.050627622402516 -42.201174660994596 51.439069257612154 90.65812594794426 -13.135430713660705
110 1100 1.1204307070720843 0 0.30300496096649365 -9.892564395655745 100.27757797850123 0.19464984511300437 77.40959682409976 64.91344334766428 -31.86360604020168 -42.40700711200135 51.28726850942786 91.12410916082682 -13.245697344654891
111 1110 1.1009446173233577 0 0.2292674909522302 -9.923873189580153 100.19284630662476 0.6694978514792195 76.78154211638751 65.18285498065433 -31.52685731345826 -42.74244933164117 51.971225412639086 89.56159900867195 -11.799978262315056
112 1120 1.0581580549994474 0 0.2497366627990878 -9.850797866566491 100.03968579135906 -0.15408963393742292 77.33614638800736 65.31567574338419 -30.954249666441285 -42.815265579865645 51.98331451648213 90.53751826927359 -12.825776953987793
113 1130 0.9952595187724029 0 0.11465117966830074 -10.056838764245674 100.18084020232168 0.22901950242088623 77.45223725241343 65.8414651323344 -31.769345103869682 -42.99871479734669 51.8104724348815 90.24406647342576 -12.705025850737384
114 1140 0.9030247199203868 0 0.169696378218256 -10.023655726311306 99.98007863743693 0.3667629112404848 77.72588147208072 65.49877204294094 -31.386228959891586 -42.38308639123403 51.23683021068267 90.17500577126049 -12.327217281302323
115 1150 0.8186020849400902 0 0.05611491870747576 -9.853703116209704 100.13153204410209 0.1489291328442699 76.73707880653382 65.79070510341512 -31.899403994468834 -42.47627189388407 50.894047931833825 89.87024768712732 -12.26725400895989
116 1160 0.7297024099109332 0 0.12180696395526225 -9.864026948520472 99.79706979815126 -0.13609743953776743 76.59961287745658 65.70048819951538 -31.532549107209835 -42.17943816628946 50.597461925402506 90.00366899641557 -12.07201484440454
117 1170 0.7315559249225548 0 0.1096856932583895 -9.914583666194805 99.71402516815765 0.23542196298301893 76.79415453631825 65.8937384921587 -32.20841332483461 -42.368217999534764 51.32223167993152 89.4285789551226 -11.390811273453407
118 1180 0.7370938753275711 0 0.07683756963258492 -9.907605863619672 99.90007900511817 0.1886550772719175 76.80675110007543 66.48349149888898 -32.25124638291371 -42.6937074791806 51.329986528068396 89.89896448640872 -12.620193469646006
119 1190 0.682819619314317 0 0.10232118476901098 -10.108913254459312 99.95885990144181 0.10390433740429156 77.24028212070968 65.53078154211057 -32.02000826516723 -42.567749827759215 51.71699655711852 90.37890107598261 -12.564832738535598
120 1200 0.6863965729410413 0 0.0961783252873889 -10.062320115005306 99.94641390929603 0.3050749913912456 76.84664556538786 66.59499487746466 -32.38809448426215 -42.56181775830218 51.5074648976873 90.12346978294791 -11.912440901300315
121 1210 0.6351265000314639 0 0.050965196086781295 -9.83671477496563 100.14330302795128 -0.05486592119046435 77.2511410375911 65.83617219343512 -31.94252106349002 -42.706912056229186 51.3247569772067 90.41296906046422 -11.982334008302345
122 1220 0.5851225906273347 0 0.019500938893552422 -9.870711692536915 100.01088719172057 -0.1259260653698351 76.88064736775453 65.8565327332851 -31.909291248767225 -43.01082920315013 51.02644019210796 89.79762745343842 -12.186626859432492
123 1230 0.5323970782407949 0 0.038734615674571815 -10.186947765033718 99.99100841955767 0.05493916938129553 76.83320645654545 65.83615756300898 -31.98314909217389 -42.887692556281976 51.086630514775244 90.17237461987709 -12.490744284943828
124 1240 0.48635277845366653 0 0.041611001828293914 -9.926577687046105 99.91032211339306 -0.22284698790261306 77.15802129560956 65.88584018911288 -31.991305129763944 -42.92370143893396 51.10025408721186 89.87986450542358 -12.676473662937008
125 1250 0.46228373473819123 0 0.048361271876730116 -9.88701553632688 99.6993452374316 0.018080119043887913 77.08853537937144 65.96501973876481 -31.70526265632367 -42.70185870886066 51.14014752491713 90.02022566318594 -12.29210122173889
126 1260 0.4273233503239232 0 0.04205554109365772 -9.807066601935487 99.84363753900429 -0.12920822899696358 76.9647986555439 65.7788207965984 -31.796713047610567 -42.98168480399069 50.99128221403593 90.27603861042947 -12.222598392910367
127 1270 0.3799661674924947 0 0.03434920218908921 -9.807487466237083 100.05648125880903 -0.12258893354317324 77.00671920395399 65.93701385721492 -31.88768609401773 -42.73730155631193 51.1491693046789 90.08598329327693 -12.307656412294204
128 1280 0.34815198742843284 0 0.04102277375369345 -9.764675230120613 100.00949555053104 -0.12026569290945746 77.0841805894715 66.04943037885918 -31.902266145688177 -42.66617319282989 51.04141309680774 89.98883613123081 -12.168627884632345
129 1290 0.3255150897961785 0 0.039863931639938954 -9.978929297619098 99.80664041464155 0.17213933606399096 76.9754802715442 66.39023931562919 -32.15798506001981 -42.79419004809309 51.26054554568953 89.85457698185056 -11.950882068375435
130 1300 0.30145448684623843 0 0.027194212652545513 -9.889109181763919 99.93615476476465 -0.05384154067654982 76.9398994326246 66.02239470771693 -31.79808384779723 -42.58991892708483 51.233768746511224 89.9536072510107 -11.918909849852646
131 1310 0.27786662089810504 0 0.017054702525653 -9.95723667138551 99.85179587693041 -0.12360914608018132 77.1138543765151 66.07980854764368 -32.02470471139351 -42.77684434589966 51.127987260526105 90.14259068037505 -11.940870444057312
132 1320 0.28022206432787095 0 0.010225763561666046 -9.953471186228098 100.04823609530742 0.05952459251978852 76.93013767832396 66.06557140502332 -32.08952392408432 -42.7961791362381 50.946326094621774 90.19459626161385 -12.143286603006718
133 1330 0.27655873157553296 0 0.011612815700455803 -9.969343762121232 100.07131761022076 0.08292541420994326 76.82230285706514 65.95107709523286 -32.09799247371371 -42.922058080068304 50.91695263641227 90.05899688554776 -12.232682889173658
134 1340 0.25323364385108477 0 0.00720748481672262 -9.956127335080032 100.03173817252363 -0.04189257342934792 76.95011245833032 65.9072745988958 -32.161164882560854 -42.92491087293195 51.14276033151555 90.10700784552523 -12.03335114915829
135 1350 0.24117488431420292 0 0.00763224911411553 -9.972989054767016 99.93543708733587 0.11940763208643264 76.94448487416915 65.97534286109847 -32.06357724066978 -43.017200317156735 51.15635962569191 90.14902631473394 -11.924017623930704
136 1360 0.21724392345375776 0 0.004422811410811467 -9.973852772776658 99.97613177737317 0.007066358369001005 76.918488566381 66.0474062202636 -32.151742968623395 -42.934868187255844 51.01763109877393 90.09468054915298 -11.94872398591006
137 1370 0.2003976241663137 0 0.005687712229791364 -9.970944269894924 99.99179651462178 0.007528682436217703 76.8189987592492 66.02378736869626 -32.04621695079818 -42.92037622807821 51.056955626321766 89.9884505472121 -12.069882424749087
138 1380 0.20334635697348236 0 0.007223277308376352 -9.969480742137154 100.01932496878536 0.04491201128869433 77.00874916230804 65.99421020735633 -32.23000219769999 -42.88503379250489 50.91102296735476 89.92658005987302 -11.942414384497509
139 1390 0.19601969554045232 0 0.00794939780836812 -9.976834500708144 99.9623359377286 -0.0037408182143281107 76.94769026775484 65.97646676562451 -32.265060586229225 -42.98220425183491 51.11458263498991 90.01978788285341 -11.936220852083489
140 1400 0.1822930546143709 0 0.0031733791002565015 -9.969725966091255 99.93524019679556 -0.03039751016981748 76.9673671704236 66.00346228185705 -32.082183390393894 -42.97899008457951 50.97891397671961 90.06428644718672 -11.897666297960312
141 1410 0.17236564198000218 0 0.004944631161856616 -9.95560723456562 99.9162944720537 0.006134412687614544 76.9317585704756 65.90755176994261 -32.01227091537303 -42.98130885735548 50.9123799267698 89.99163867226196 -11.930009914794452
142 1420 0.1683725969990312 0 0.0034768513406154833 -10.039133263174264 99.9415436117477 0.053383795352789226 76.96092245684179 66.07688903763444 -32.04902021503815 -43.02195765365988 50.99071941567313 89.95491570803155 -11.92987356323651
143 1430 0.1584762607677393 0 0.002571846165583702 -10.045538049474287 100.02656048147782 0.02253718885134954 76.99654108482444 66.0533061743562 -32.03811037142311 -43.006071864929794 50.99619947541006 90.11144716253645 -11.94159086432578
144 1440 0.14499163556485556 0 0.0019913454076487813 -9.96966672030231 99.9870982083226 -0.008414786669366271 76.9397404680651 66.0095896166385 -31.958152525030172 -42.97469023644969 50.96822482038073 90.11595362526899 -12.01355579653305
145 1450 0.13010452260879693 0 0.0016619427427669864 -9.987556507964463 99.9715400125743 0.027224194795267682 77.00659788984896 66.06898796432363 -32.004228605557415 -42.91657444194713 50.982469610062424 90.05918690171306 -12.034996103552617
146 1460 0.11895050692882018 0 0.0017180138519728994 -9.994959201547314 99.94585740150075 0.04064510760505678 77.01882653233233 66.03812636039461 -31.94107838216689 -42.958132737139906 51.02509849585941 90.0063418540363 -12.03137753877422
147 1470 0.11606904176925584 0 0.0020356855012363395 -10.028739434272273 99.96869408522828 0.05435092937706931 76.9836665760152 66.04219656170139 -32.02163515834815 -43.03148928007484 50.97242108898702 90.02452809315704 -11.90200340094327
148 1480 0.11122256426739843 0 0.0015161543396223776 -10.00821677062062 99.99327104990944 0.058509337092358546 76.94092398914451 66.03780785988802 -32.02428406453426 -43.003997185965744 51.04407259143403 89.96747008880057 -12.042037244549906
149 1490 0.10782507906879064 0 0.0006580026932185845 -10.018164197837754 100.00947837302223 -0.0028921724563185647 76.99446961200796 66.03618294942869 -31.99014514303322 -43.03487662372911 50.951647924072 90.01199837701036 -11.959080693678441
150 1500 0.09588664192566022 0 0.0011049598855376042 -10.011222400782966 100.01001375979372 0.02769959720322636 76.96934844941691 66.0327644822589 -31.941165457274966 -42.96761312200391 50.94116441385018 90.02459933961264 -11.968916647444951
151 1510 0.09424084437840277 0 0.0007459151128903496 -9.996003698222818 99.97270529208333 0.007420571933405836 77.00964849984126 66.00819390460812 -31.972344342911455 -43.003861785579886 50.92741157067288 89.98309973454937 -12.04732866407671
152 1520 0.08898825573954586 0 0.0006878957389110374 -10.003825761688907 99.99384051100157 0.015131420810940177 76.99897193392323 65.99192769072232 -32.06784606181034 -43.030596206151685 50.987166639033 89.99554270906665 -12.056969494102315
153 1530 0.08392175103978174 0 0.0008024974169231758 -9.997103827110417 100.00519051047661 0.025423573931879696 76.98150785408373 65.98824482779216 -32.04919023139691 -42.99271204409421 51.04743248221984 89.98213873780146 -12.072238902075261
154 1540 0.0786513847153576 0 0.000478003032294283 -9.995895031643856 100.0127183977794 -0.0028526952991384837 77.04098399189091 66.01564001982763 -32.02772139740859 -42.99432816454949 51.00014159567443 90.02713088481289 -12.041203174267354
155 1550 0.07999116675112686 0 0.0006715975695135157 -10.012542999193201 100.01835240260431 0.0054350977857148125 76.97764772168166 65.99159891394159 -31.974534779126458 -42.936439263430564 51.019090090088625 90.0025636313629 -12.03656824833349
156 1560 0.07708901322622173 0 0.0008334109518647326 -10.009694921105133 100.00712230323079 0.027708217159845262 76.96361339521641 65.970933660531 -31.992134355232455 -42.955801620236116 51.021990554669195 89.93741586343657 -11.995093639358394
157 1570 0.07995157865138074 0 0.0007486005345290758 -9.988279420719078 99.98002379921391 0.01343617848019625 76.99196880240383 65.984408829271 -31.97667050760892 -42.94483328573374 50.98449435966734 89.94287968663502 -11.96635547808661
158 1580 0.07673359574669264 0 0.0008773045102381527 -10.000769628323873 99.96070257288986 -0.018126698840708846 77.02375709096555 65.97521448343849 -31.982232548102633 -42.95561974424744 50.98711480129302 89.99666897418925 -12.049904217319881
159 1590 0.06718139342381627 0 0.00042497620931181146 -9.983246828325951 99.99525425012 -0.0040912828272363245 77.00771787404685 65.98210756652927 -31.96410555044306 -42.972765560507405 50.97413365531401 89.98441585520469 -12.020085576287391
160 1600 0.061535816505753425 0 0.00035754575550506207 -9.999889464167516 99.99162045838762 0.010988165755605767 76.98778472448076 65.95124640428612 -32.01323251571223 -42.97668287313868 50.98831305205568 90.00176769310404 -11.996744640101326
161 1610 0.05665126445533466 0 0.0002731068627744859 -9.989563759723994 99.98960512352794 3.9388245322865764e-05 76.980962996784 65.97078185146339 -32.018064689380076 -42.98438979178993 50.99142085950422 90.01346765770914 -11.99520377019635
162 1620 0.05230677710079583 0 0.000194671560002746 -9.995274516810799 99.99561250645911 0.01064618954816892 76.98469002254444 65.97706120198372 -32.01466042468724 -43.007598722743005 50.990352085909834 90.01059995046208 -11.970591591091354
163 1630 0.047945972210809276 0 0.00018162326269510753 -9.998481606144686 99.99565618228411 0.003779991063904584 77.00846199766688 65.97384937839836 -32.00956345177022 -43.01539786265625 51.00260993212597 90.0225219065206 -11.970925136520373
164 1640 0.048404341049834605 0 0.00023191209647011046 -10.004340043426017 99.9901065201694 0.00920271629934068 76.96995263833148 65.9980846397734 -31.97858085382893 -43.013355751897244 50.99160074649476 90.01625183691428 -11.998374797762374
165 1650 0.04776505818961941 0 0.00015443816693216927 -10.005354248710285 100.00423755855678 0.0070237502605297875 77.00541752928987 66.01363327782282 -32.00298378417989 -42.99486087357673 51.035144001401925 90.01900242313162 -12.009751555834425
166 1660 0.04321152538877405 0 0.0001539468139479805 -10.000006563670992 100.0082657417008 0.008221299998816912 77.01845533737762 65.984683170319 -32.01464830098932 -42.98910502326443 51.01436372974374 90.0177255618343 -12.007018555483496
167 1670 0.04095708731257899 0 0.00014811448163254415 -10.002560258082157 99.99842043968496 0.0178305691283942 77.00021051967553 65.9791481758314 -31.987766116664076 -42.98715818907185 50.99716121867763 89.98093634153905 -11.993029971390598
168 1680 0.037528779275903826 0 0.00014717496937011187 -9.995764028756536 100.00877572042211 0.005265516477501374 77.02239293299874 65.98178065182671 -32.003366634331876 -42.99392713376849 50.990214888968396 90.01005694506466 -11.992298286595288
169 1690 0.03714118122123476 0 0.00016363309176403718 -10.006550939960402 100.00971851717799 0.011473634380655882 76.99989513407924 66.00178921098907 -31.99512810907234 -42.98944637757277 50.967461349867236 90.00914120982702 -12.017378589713154
170 1700 0.03299204027139039 0 6.305536400774692e-05 -10.001477013772481 99.99529561147423 -2.054613553714897e-05 77.00317817480112 65.98143281727691 -32.00858469457917 -42.98681337680152 50.99714300361417 89.99603132569871 -11.996582697548334
171 1710 0.03150622621273818 0 0.0001112594803653888 -10.007637658194842 100.01036244187775 -0.003059572467835282 77.00373552739916 66.00138358994018 -31.993057794080034 -42.99181560394145 50.97492636507489 89.99798894399241 -12.00798459829577
172 1720 0.029583158202580073 0 4.3885882390126696e-05 -10.002217373978562 99.99973155638683 0.004487969786585916 76.99445431920282 66.01099149105072 -32.00267286711397 -42.98857922502416 50.99117548202039 89.9963663580126 -12.011385435002548
173 1730 0.02838686971827323 0 3.363948788415172e-05 -9.998204403027609 100.00614636672132 0.003203162502336365 77.00208250527953 66.00353663995475 -32.012420623778254 -42.998055592537916 50.999540331746196 89.99336712225522 -12.008261255903564
174 1740 0.027534294825387523 0 3.018356166217817e-05 -9.99733345730196 99.9976145927603 0.004979303341329552 77.00870600159212 66.00617783291577 -32.00619909935725 -43.00375212591752 50.99609332401522 90.0003242727756 -11.992861713394689
175 1750 0.02570735977965938 0 3.5789274782871416e-05 -9.999099121572026 100.00063845430698 0.0029089424465441713 76.99292998397179 66.0120508124739 -32.00650677053999 -43.00383730727444 50.992544869728896 89.99196189356358 -12.00520765218676
176 1760 0.02459816175893352 0 3.0877336059553784e-05 -9.996621052062462 100.00101217017968 -0.004340782457392263 77.0071728245882 66.01203239585838 -32.002852821576724 -43.000302726070046 50.99897885186175 89.99903542181161 -11.999778550671797
177 1770 0.022735934701333286 0 4.15538176219421e-05 -9.997256098174784 100.00052792677772 -0.010954438166684722 77.00501200977968 65.99281484200039 -32.00170350072377 -42.99339869463844 50.991271561611796 90.00020092152091 -12.004922408092714
178 1780 0.020029401963175913 0 8.48683211973622e-06 -9.998371342082935 100.00420579272456 0.0010420654580482695 77.00011844362199 66.00271949587155 -32.00142154038674 -43.003844726295256 51.00078249356917 90.001076903868 -11.996917966946427
179 1790 0.017802561184093197 0 9.031549929150451e-06 -9.998121634855057 100.0017795579002 -0.0014769643078038144 77.00098357146553 65.99868949263688 -31.99962589765163 -42.99880430007246 51.0014811691416 90.00112017756125 -12.010456970163938
180 1800 0.016105567002234308 0 2.1952927092505625e-05 -9.996788894636257 100.00052186699446 -0.008789101902504516 77.00058031128277 66.00068418289939 -32.000996549949164 -43.00306469904526 51.00286030950145 90.00166361325084 -12.006794149280147
181 1810 0.014943402305110818 0 1.2551113120484736e-05 -9.999060270199873 100.000455765268 0.0026613708135130405 76.99566834609485 65.9951162326261 -32.00056745457819 -42.99164234472104 51.00121252958823 89.99898748242703 -12.004349967819673
182 1820 0.013873731011233202 0 1.1609874202234138e-05 -9.999463955804343 99.99741026576383 -0.0031227947734063645 76.99763784515939 66.00416266156793 -32.00333693275323 -43.002425184863334 50.99263324849481 90.00233347209439 -11.996368803952961
183 1830 0.012653425862109748 0 1.2100250411872793e-05 -10.001334754877874 100.00226961680272 0.001716917162434071 76.9977079219039 66.00166219402507 -32.00393316691524 -43.009482860802 50.997655891340855 90.00251052532559 -12.001072017530428
184 1840 0.011529193132693209 0 6.42516822579875e-06 -9.999575712246923 99.99797097769287 -0.0010449009840989166 77.00068958283379 66.00211135345856 -32.00488811935766 -42.99980154522961 50.99734970312325 90.00133505426665 -12.006427559881892
185 1850 0.010294344594424748 0 6.0285610734567285e-06 -10.000133369538215 99.9995769547937 -0.00016267106783943142 77.00233507044409 66.00132623479521 -31.999823445029953 -42.99550244986298 50.99274359698023 89.99940518620647 -12.002581313922766
186 1860 0.009284024344254226 0 4.011102269774192e-06 -9.999829330537336 99.99984474735065 -0.0018204591221401606 77.00037293803221 66.00222087760385 -32.000452887958126 -43.00191354704357 50.99444550642716 90.0020072653495 -11.996893250556779
187 1870 0.008668448871798103 0 2.609951560095247e-06 -9.998672666746437 100.00132155511639 -0.0017001046403217165 77.0000084244501 66.00090033350057 -31.998146390111692 -42.99808255579883 51.0005369587356 89.99837785082737 -12.000492164998638
188 1880 0.007922820643789349 0 2.4649703032064707e-06 -9.998959445189373 100.00076011897607 -0.0013358181133045568 76.99849097766398 66.00014442443108 -32.001499580129355 -42.998691339676114 50.99669051764895 89.99955746192782 -12.001916989881588
189 1890 0.00738366823841433 0 2.5160040723060106e-06 -9.99836788094047 99.99897881958896 0.0005941638779472912 77.00051923090642 66.00108387583106 -31.998652664009903 -42.99787526770668 51.000144340335225 90.00156169531172 -11.99859445624081
190 1900 0.006781380835299228 0 3.3734199599289028e-06 -9.99791112351858 99.99926880651924 -0.000204393555818267 77.00051822615323 66.00052299324842 -31.99897257401719 -42.99753243513441 50.99867872881207 90.00242716496903 -11.999283064861851
191 1910 0.005933527018281976 0 2.6014221461423404e-06 -9.999085127101724 100.00104735135922 -0.0006834202401202823 77.00259615091075 66.00020629955954 -31.999844131503473 -42.99842023882947 50.996978833467395 90.0006846172955 -12.002004862754719
192 1920 0.005334639272831264 0 1.6751305780271508e-06 -9.999045168454895 99.99986291744027 -0.000640438765419248 77.00029761811284 66.00104697001859 -32.001818346608815 -42.998162028713544 50.998516560525 89.99837045324514 -11.997906985563667
193 1930 0.005139718454606809 0 1.5492309792808356e-06 -9.999071568215228 99.9998644040953 -0.0016404079218763266 76.99980895681054 65.99809194137903 -31.999896293658445 -43.00006821211887 50.99897563770794 90.00070894295085 -12.001992946868278
194 1940 0.00515124239233462 0 7.686733719536321e-07 -9.999982647424076 99.99981449627863 -0.0004967381402449793 77.00043894943569 66.00032564382542 -32.00031029588591 -42.999433815702574 51.00137392236016 89.99783739088859 -12.002332932767372
195 1950 0.005115229661317822 0 6.523794278123773e-07 -9.99948776819751 99.99999708022129 0.00035730803207991964 77.00074782762226 65.99888971281538 -32.00159345332552 -43.000466040103326 51.0010219439691 89.9995997448969 -11.999720872743426
196 1960 0.0051062310804212635 0 1.0277421184090585e-06 -10.000243883885858 100.00044953007793 0.0006815864555581081 77.00086733655652 65.99929693394544 -31.997937977454313 -42.999462374744084 51.00112649519536 89.99984144417766 -12.002313525763606
197 1970 0.004772491646025463 0 9.076828746401588e-07 -10.000471925207282 100.0007278001992 0.0001724545036714637 76.99998507116841 65.99980163813446 -31.999820269081532 -43.000126663501185 51.00062693560973 89.99682459449237 -12.001124720292452
198 1980 0.004285809924887992 0 6.16937967046205e-07 -10.000404803734064 99.99998052109933 0.00014599105644035406 77.00041671880288 65.99942627258301 -31.999220450995818 -42.999095902158246 51.00052351816205 89.99987426390656 -12.00263576496099
199 1990 0.0040596990218224474 0 6.963573397911205e-07 -10.000638335536317 99.99940990214284 -0.0005703199828765951 76.99990448566108 65.99847736534838 -32.00067561571624 -42.99948634212402 50.99992585310284 89.99962310032369 -11.99898091738236
200 2000 0.0037203903830850386 0 6.256189131192968e-07 -10.000466034195252 100.00054987323786 0.0007497593708719458 76.99968735044978 66.00005854065701 -32.00097125105239 -42.99820829381479 51.0003031355268 90.00059695873666 -11.999924676683609
201 2010 0.0033882601406256155 0 5.055552169119792e-07 -10.000411085946801 99.99978097144059 -0.0006755345321149952 76.99956731733621 65.99895649594814 -32.000175430966955 -42.99882166744288 51.00031568333415 90.0010314960088 -11.999195736163246
202 2020 0.003131287029888678 0 6.814296116264273e-07 -10.000743842751946 100.00067451429035 0.00035640469522274076 77.00071294802426 66.00018370970747 -32.00038334835446 -42.99900303183353 50.9994063449764 90.00073407212254 -11.998846845846424
203 2030 0.0028462180438527346 0 5.187179134003017e-07 -9.999939395975936 100.00001127803564 -0.00023604436092123193 76.999678382855 65.9989068465255 -31.99975984347173 -42.999564807668136 51.0005243180956 90.00246073618132 -11.999843273144254
204 2040 0.002859846301312144 0 2.4228075434784557e-07 -10.00011139463659 100.00018267111426 0.0005742985323408066 77.00039727200955 65.99974782765617 -31.999325800130602 -43.00049044831464 50.99938891835962 90.00110210518841 -11.999960500225173
205 2050 0.0025698033124273577 0 1.472562014548373e-07 -10.00013543905915 99.99998232559892 0.00035250893593520636 76.99942954070951 65.99938330739414 -31.99999966178469 -43.000073430212815 51.000220148490676 90.00071656272412 -11.999646117096892
206 2060 0.0022792495982381293 0 2.1580632925122245e-07 -10.000388360818382 100.00031481323734 -0.00018646948433914532 76.99983305604466 65.9992330589327 -32.00049276010711 -42.99945892228569 51.000057455655174 89.99969356496361 -11.999893872215416
207 2070 0.0022153128446135034 0 1.7897901261054727e-07 -10.000047001706951 100.00020827085156 -0.00042696908673907986 77.00020287446513 66.00042973673628 -31.99991647156532 -42.999034584802494 51.000065556522834 90.00020894962803 -12.000923171094781
208 2080 0.0019918799867652552 0 1.2520101655422167e-07 -10.000000954033895 100.00019140909616 -0.00023892303008327652 77.00045351487364 65.99977871629963 -31.999409034679914 -42.999504816035916 50.999397537613845 90.00033476414652 -12.000027303997847
209 2090 0.0017701687779563423 0 1.230452105760449e-07 -10.000130418912414 100.00042655380418 -7.774582025677602e-05 77.00028073322231 66.00026030754623 -31.999919965308127 -42.99953790879153 50.99951826683895 90.00059577853239 -11.999850729610346
210 2100 0.0015847367496754643 0 1.1600476546025362e-07 -10.000012204900033 100.00032655133505 -0.00037494383310626093 77.00022451564227 66.00038823061324 -31.99995797345902 -42.9992298437779 50.999954992181294 89.99990104630906 -12.000142394809938
211 2110 0.0015825399465998744 0 1.0846258224894711e-07 -9.99988606149292 100.00014878253081 0.00013559320511940295 77.00001062216172 65.99974820748102 -31.999156071237604 -42.999815566440006 51.000094154970036 89.99990117928704 -11.999310041454118
212 2120 0.0015352986847072183 0 1.464236309978162e-07 -9.999969385333182 100.00012551980807 -0.00011056124145892196 76.99980215806661 65.99920039959898 -31.999087728954876 -42.99995713583968 50.99989316053919 89.99991358754879 -11.99994584826714
213 2130 0.0014435428788988766 0 7.313636052330708e-08 -10.00023159742683 100.00012215872641 0.00023810629319518046 76.99966329582738 66.00015007887966 -31.9999665814482 -42.99991596467458 51.00037803681918 90.00020360029502 -11.999691950214535
214 2140 0.001342640024304912 0 1.2364969703693163e-07 -10.000094471021674 100.0003572473629 -8.732544366888652e-05 77.00026602235157 65.99948155237556 -31.999935434066295 -43.000277067527165 50.999706674696334 89.99950211887284 -11.999293514134765
215 2150 0.001253794373960135 0 9.45347025105292e-08 -10.000033218342411 99.99979032227752 -8.264281260008855e-06 77.00003956541092 66.00006693071202 -31.999107382858597 -42.999540744458805 51.00006213872729 89.99997009690173 -11.99992053271386
216 2160 0.0011711006807062232 0 5.814010406446357e-08 -10.000124448246408 100.00028224699467 7.961103828890569e-05 77.00000739480289 66.00035833370862 -32.00015393700001 -42.99983531230866 51.00035831424172 90.00028462563544 -12.000018716839206
217 2170 0.001083101772765331 0 7.161479942396909e-08 -10.000202515647395 100.00008347704868 0.0001679191551622767 77.00021151458955 66.00012023451207 -31.99994384011931 -42.9997882538794 51.0001336496029 90.00039350639594 -11.99930380522164
218 2180 0.000985587700960611 0 5.2651168536144155e-08 -10.000103856568064 100.00018375598356 -0.0002494510664192911 76.99986788704162 66.00025654088944 -31.999933394741046 -42.99971178913065 50.99978452141286 89.99992435036691 -11.999552180593676
219 2190 0.0008995980813004502 0 4.942606857127885e-08 -10.000151440594959 100.00010038084164 -0.00021655696441812513 76.99986952305342 66.0001185272597 -31.999980599152863 -42.99964023099078 51.00014979826919 89.99995013684936 -11.999487331659537
220 2200 0.0007965520251342246 0 5.4296073970228065e-08 -10.000139139803204 100.00015463413344 7.051500933490354e-05 77.00004701649114 66.00022679732596 -31.99973612964241 -42.9998644313891 51.000240138603274 89.99942971149335 -11.999737643727322
221 2210 0.0007101870452732878 0 3.295065165165312e-08 -10.000123107806045 100.0002128910693 -9.677559715080125e-05 77.00004550060157 66.00009399124455 -31.999965466418942 -42.99974932537267 50.99997964396653 89.99987754091045 -11.999658734308028
222 2220 0.0006587464597440899 0 3.4698034112601306e-08 -10.000123506959353 100.00005404084914 -1.906991345717154e-05 76.99985140769033 66.00013424380901 -31.999803824561447 -42.99960514939448 50.999973543760625 89.99970362438725 -11.999783014732232
223 2230 0.000649281753913943 0 2.7460002050005983e-08 -10.000024280861416 100.0000494384067 -0.00015341088598014413 76.99996394497691 66.00021389088111 -31.999729283371042 -42.9998166081821 50.99975558656732 90.00019822330465 -11.999739949154716
224 2240 0.000633354409489745 0 2.506690333081707e-08 -10.000032385644667 100.00011755224735 4.501388496369477e-06 77.00005101265198 66.00025314938162 -31.99980145309149 -42.99984425967523 51.00013863567991 90.00013188989695 -11.999623578987983
225 2250 0.0005877530613681553 0 2.2645719299774214e-08 -10.000155482757126 100.00006526123927 6.367095990153471e-05 77.00002024748785 66.00010265071226 -32.00003156381262 -42.9999093107917 51.00015495121295 90.00013430778432 -11.999700216832254
226 2260 0.0005974819802968252 0 1.2950584493687245e-08 -10.000061978150118 100.00003868448702 8.016885470591497e-05 77.00002248109239 66.00004440463756 -31.999883305769846 -42.99989688753782 50.99992088966011 90.00027654825465 -11.999765648408461
227 2270 0.0006137792277740587 0 1.0004825301557219e-08 -10.000007921913747 100.00000652308702 -0.00011160051343542006 76.99990928855709 66.00009941351811 -31.999803363764702 -42.999962216573195 51.00006006963495 90.00020300229602 -12.000006577862342
228 2280 0.0005770284937119336 0 1.1532459764929115e-08 -10.00006195782556 100.00001059417887 -8.003524934079118e-05 76.99997987081078 66.0000927939666 -31.999874739604532 -42.99988944573638 50.999913300469856 90.00026560504035 -11.999858593108438
229 2290 0.0005614970249046412 0 1.446136255189856e-08 -10.000001776789968 100.0000509383524 -0.000143295348886772 76.99993562235478 65.99991645305914 -31.999720556413127 -42.999904128188156 50.999893357012446 89.9999223388756 -11.99986408558653
230 2300 0.0005031246236712022 0 9.688306823463222e-09 -10.00000754507695 99.99998178623501 -0.00011958497986643816 77.00002830141487 66.00012301891961 -31.999866412874177 -42.99992420139667 50.99999059834108 90.00024721472454 -12.000070930545206
231 2310 0.00044580351640840165 0 7.23310278338829e-09 -10.000022247867125 100.00003987264729 -0.00011157275766283516 77.0000240555217 65.999982136984 -31.999803674626236 -42.99997594893042 51.00009611008331 90.00008579924143 -12.000054962953381
232 2320 0.0004152419898672687 0 6.705444977050945e-09 -10.0000655840121 100.00011218624213 -6.756998722404474e-06 77.00003573732634 66.00005587004743 -31.999931074146925 -42.99992011739257 50.99998683784023 90.00002774551568 -11.999982534430163
233 2330 0.00040479177180816983 0 7.192746731554678e-09 -10.000033998150599 100.00012009935703 -2.6190270476307077e-06 76.99990037480568 65.99992567285469 -31.999940015216886 -42.99997474181693 50.99999487084613 89.99993640717045 -12.000112239620865
234 2340 0.00040002095820158113 0 4.537593745190804e-09 -10.00002815963464 100.00006598621698 3.370605278512602e-05 76.99991630984556 65.99991669069067 -31.999976546738935 -42.99988111015291 51.00005735303481 90.00001585101606 -12.000013414991832
235 2350 0.0003968326281303336 0 2.3622668265943503e-09 -10.000001245276268 100.00003584463482 2.415552240463838e-05 77.00001822486861 65.99993539053865 -32.00005701393537 -42.99996118285842 51.00000190227256 90.00013886320427 -12.000022947070239
236 2360 0.0003835778277578381 0 3.7359308979745265e-09 -10.000016326018546 100.00001527781748 7.442311510056838e-06 76.99998379558487 65.99995829860443 -31.99996584599159 -42.99992574179277 50.99986776394383 90.00010171506582 -11.999848042467836
237 2370 0.0003769381088744939 0 9.755080077056277e-10 -9.999989361493691 99.99998750171834 -1.1568160037397456e-05 77.00006044586034 66.00000846022145 -31.99994115065216 -42.99997390792296 51.000008597930915 89.9999973451664 -11.99996865822922
238 2380 0.0003649668661138468 0 1.6199509511594101e-09 -10.000006313980732 99.99999009103303 -3.7979586382220785e-06 77.00002704287455 65.99998264630828 -31.999951480781192 -43.000040269679424 50.9999639931775 90.00013733130635 -12.000009354801765
239 2390 0.0003379701848921136 0 2.5068845888043256e-09 -10.000020559435383 100.0000084281109 1.7580419982728625e-05 77.0000566076188 66.000013683782 -31.99996596897317 -43.00010607079488 51.000041577934525 89.99996067545983 -11.999881307976631
240 2400 0.00030697448279312536 0 1.349830691665943e-09 -10.000004520124993 99.99999873658858 3.76942114979151e-05 77.00007241623778 65.9999774935932 -31.999996906481034 -43.00003555851804 50.999958536284936 90.00004712162928 -12.000037645730421
241 2410 0.00028589440738225664 0 2.028697210221253e-09 -10.000025184322647 99.99998039543821 6.187575777077001e-05 77.00000393520318 65.99999259719333 -31.99994199640947 -43.000005673415004 51.00003702545213 90.00010241300585 -12.000016625204625
242 2420 0.00025757249096765343 0 8.233562720505461e-10 -10.000011689431902 99.99996554267689 2.510722599937047e-05 77.00002073580198 65.99996761314368 -31.9999713689663 -43.00001422320083 51.000010808427305 90.0000428166271 -12.00000445261525
243 2430 0.0002461984474428525 0 1.2754347578081138e-09 -9.999986792547755 99.99999465485872 -4.560603419269068e-05 77.00000613142637 65.99992994914896 -31.99997882877814 -42.99998621585961 51.000045718746186 90.00001661570681 -11.999947300945008
244 2440 0.00022687339182485242 0 1.3480678795474432e-09 -9.99997604250026 99.99999668093064 -2.5590767522078768e-05 77.00004284817892 65.9999621444883 -31.999953289845187 -43.00004486859497 50.99997884474097 90.00001655046621 -11.999936093878835
245 2450 0.00020841212614931256 0 9.47873224355078e-10 -9.99997899977353 99.99997670250242 -1.594909056081403e-05 76.99999071405618 65.9999654814236 -31.999987958055446 -43.00003638153198 51.00001622902726 90.00002175285528 -11.99992686278675
246 2460 0.0001912223840524013 0 4.093374528224558e-10 -9.999987767481526 99.99999184175431 1.863829484096645e-05 76.99999062684272 66.0000088356543 -31.99999761794747 -42.99999825609104 51.00005628988643 90.00002181954888 -12.000017233795095
247 2470 0.00016666943560970026 0 6.643168237729924e-10 -9.99998119350855 100.00000314633736 -1.7379497994106075e-06 76.99997277665614 65.99996858226814 -32.00001685710323 -42.99998196922504 50.999987533879775 90.00003666912373 -11.999943434486909
248 2480 0.00014231738797354 0 5.229554567165451e-10 -10.00000382484687 99.99998045046769 -1.5013216440873931e-06 77.00001617055183 65.9999692439766 -32.000007691194476 -43.00005241171722 50.99998304886954 90.00002871205831 -11.999977184321162
249 2490 0.00013282513614385678 0 4.411914167334885e-10 -9.999978434717647 99.99999950415773 -6.277492803110083e-06 77.00001508689849 65.9999998750542 -32.0000084426402 -42.99999279917077 50.999996187621946 90.00005330992462 -11.999990844403648
